   1.8678000e+02
   1.8732074e+02
   1.8786137e+02
   1.8840190e+02
   1.8894232e+02
   1.8948265e+02
   1.9002287e+02
   1.9056297e+02
   1.9110298e+02
   1.9164290e+02
   1.9218269e+02
   1.9272238e+02
   1.9326198e+02
   1.9380147e+02
   1.9434085e+02
   1.9488013e+02
   1.9541931e+02
   1.9595837e+02
   1.9649734e+02
   1.9703621e+02
   1.9757497e+02
   1.9811363e+02
   1.9865218e+02
   1.9919063e+02
   1.9972896e+02
   2.0026720e+02
   2.0080534e+02
   2.0134337e+02
   2.0188129e+02
   2.0241911e+02
   2.0295683e+02
   2.0349445e+02
   2.0403195e+02
   2.0456937e+02
   2.0510666e+02
   2.0564386e+02
   2.0618095e+02
   2.0671794e+02
   2.0725482e+02
   2.0779161e+02
   2.0832828e+02
   2.0886485e+02
   2.0940132e+02
   2.0993768e+02
   2.1047394e+02
   2.1101010e+02
   2.1154614e+02
   2.1208209e+02
   2.1261794e+02
   2.1315367e+02
   2.1368932e+02
   2.1422484e+02
   2.1476027e+02
   2.1529559e+02
   2.1583081e+02
   2.1636592e+02
   2.1690094e+02
   2.1743584e+02
   2.1797064e+02
   2.1850534e+02
   2.1903993e+02
   2.1957442e+02
   2.2010881e+02
   2.2064308e+02
   2.2117726e+02
   2.2171133e+02
   2.2224530e+02
   2.2277916e+02
   2.2331293e+02
   2.2384659e+02
   2.2438013e+02
   2.2491357e+02
   2.2544693e+02
   2.2598016e+02
   2.2651329e+02
   2.2704633e+02
   2.2757925e+02
   2.2811208e+02
   2.2864479e+02
   2.2917741e+02
   2.2970992e+02
   2.3024232e+02
   2.3077463e+02
   2.3130682e+02
   2.3183891e+02
   2.3237091e+02
   2.3290279e+02
   2.3343457e+02
   2.3396625e+02
   2.3449782e+02
   2.3502930e+02
   2.3556065e+02
   2.3609192e+02
   2.3662308e+02
   2.3715413e+02
   2.3768507e+02
   2.3821591e+02
   2.3874666e+02
   2.3927730e+02
   2.3980782e+02
   2.4033826e+02
   2.4086858e+02
   2.4139879e+02
   2.4192891e+02
   2.4245892e+02
   2.4298883e+02
   2.4351863e+02
   2.4404832e+02
   2.4457791e+02
   2.4510741e+02
   2.4563680e+02
   2.4616608e+02
   2.4669525e+02
   2.4722432e+02
   2.4775330e+02
   2.4828217e+02
   2.4881091e+02
   2.4933957e+02
   2.4986813e+02
   2.5039658e+02
   2.5092493e+02
   2.5145316e+02
   2.5198129e+02
   2.5250932e+02
   2.5303726e+02
   2.5356508e+02
   2.5409280e+02
   2.5462041e+02
   2.5514792e+02
   2.5567532e+02
   2.5620264e+02
   2.5672983e+02
   2.5725693e+02
   2.5778391e+02
   2.5831079e+02
   2.5883759e+02
   2.5936426e+02
   2.5989084e+02
   2.6041730e+02
   2.6094366e+02
   2.6146994e+02
   2.6199609e+02
   2.6252213e+02
   2.6304810e+02
   2.6357394e+02
   2.6409967e+02
   2.6462531e+02
   2.6515085e+02
   2.6567627e+02
   2.6620160e+02
   2.6672681e+02
   2.6725192e+02
   2.6777695e+02
   2.6830185e+02
   2.6882666e+02
   2.6935135e+02
   2.6987595e+02
   2.7040042e+02
   2.7092480e+02
   2.7144910e+02
   2.7197327e+02
   2.7249734e+02
   2.7302133e+02
   2.7354520e+02
   2.7406894e+02
   2.7459262e+02
   2.7511615e+02
   2.7563962e+02
   2.7616296e+02
   2.7668619e+02
   2.7720932e+02
   2.7773236e+02
   2.7825528e+02
   2.7877811e+02
   2.7930084e+02
   2.7982346e+02
   2.8034598e+02
   2.8086838e+02
   2.8139069e+02
   2.8191287e+02
   2.8243497e+02
   2.8295697e+02
   2.8347885e+02
   2.8400064e+02
   2.8452231e+02
   2.8504388e+02
   2.8556534e+02
   2.8608673e+02
   2.8660797e+02
   2.8712915e+02
   2.8765021e+02
   2.8817114e+02
   2.8869199e+02
   2.8921274e+02
   2.8973337e+02
   2.9025391e+02
   2.9077432e+02
   2.9129465e+02
   2.9181488e+02
   2.9233499e+02
   2.9285501e+02
   2.9337491e+02
   2.9389471e+02
   2.9441440e+02
   2.9493402e+02
   2.9545349e+02
   2.9597290e+02
   2.9649216e+02
   2.9701135e+02
   2.9753043e+02
   2.9804938e+02
   2.9856827e+02
   2.9908704e+02
   2.9960568e+02
   3.0012424e+02
   3.0064267e+02
   3.0116104e+02
   3.0167926e+02
   3.0219742e+02
   3.0271545e+02
   3.0323337e+02
   3.0375119e+02
   3.0426892e+02
   3.0478653e+02
   3.0530405e+02
   3.0582144e+02
   3.0633875e+02
   3.0685596e+02
   3.0737305e+02
   3.0789005e+02
   3.0840692e+02
   3.0892371e+02
   3.0944040e+02
   3.0995697e+02
   3.1047345e+02
   3.1098981e+02
   3.1150607e+02
   3.1202222e+02
   3.1253827e+02
   3.1305423e+02
   3.1357007e+02
   3.1408582e+02
   3.1460147e+02
   3.1511700e+02
   3.1563242e+02
   3.1614774e+02
   3.1666296e+02
   3.1717810e+02
   3.1769308e+02
   3.1820801e+02
   3.1872281e+02
   3.1923752e+02
   3.1975211e+02
   3.2026660e+02
   3.2078098e+02
   3.2129529e+02
   3.2180945e+02
   3.2232352e+02
   3.2283749e+02
   3.2335138e+02
   3.2386514e+02
   3.2437878e+02
   3.2489233e+02
   3.2540579e+02
   3.2591913e+02
   3.2643237e+02
   3.2694553e+02
   3.2745856e+02
   3.2797150e+02
   3.2848431e+02
   3.2899704e+02
   3.2950964e+02
   3.3002216e+02
   3.3053458e+02
   3.3104688e+02
   3.3155908e+02
   3.3207117e+02
   3.3258316e+02
   3.3309506e+02
   3.3360684e+02
   3.3411853e+02
   3.3463010e+02
   3.3514157e+02
   3.3565292e+02
   3.3616418e+02
   3.3667535e+02
   3.3718640e+02
   3.3769736e+02
   3.3820822e+02
   3.3871896e+02
   3.3922958e+02
   3.3974011e+02
   3.4025055e+02
   3.4076089e+02
   3.4127112e+02
   3.4178122e+02
   3.4229123e+02
   3.4280115e+02
   3.4331094e+02
   3.4382065e+02
   3.4433026e+02
   3.4483975e+02
   3.4534912e+02
   3.4585843e+02
   3.4636758e+02
   3.4687668e+02
   3.4738565e+02
   3.4789450e+02
   3.4840329e+02
   3.4891193e+02
   3.4942050e+02
   3.4992896e+02
   3.5043729e+02
   3.5094553e+02
   3.5145367e+02
   3.5196170e+02
   3.5246964e+02
   3.5297748e+02
   3.5348520e+02
   3.5399280e+02
   3.5450031e+02
   3.5500772e+02
   3.5551505e+02
   3.5602225e+02
   3.5652933e+02
   3.5703632e+02
   3.5754321e+02
   3.5804999e+02
   3.5855667e+02
   3.5906326e+02
   3.5956973e+02
   3.6007611e+02
   3.6058237e+02
   3.6108853e+02
   3.6159457e+02
   3.6210052e+02
   3.6260638e+02
   3.6311212e+02
   3.6361777e+02
   3.6412329e+02
   3.6462872e+02
   3.6513406e+02
   3.6563928e+02
   3.6614441e+02
   3.6664941e+02
   3.6715433e+02
   3.6765912e+02
   3.6816382e+02
   3.6866843e+02
   3.6917291e+02
   3.6967731e+02
   3.7018161e+02
   3.7068579e+02
   3.7118985e+02
   3.7169382e+02
   3.7219769e+02
   3.7270148e+02
   3.7320511e+02
   3.7370868e+02
   3.7421213e+02
   3.7471548e+02
   3.7521872e+02
   3.7572186e+02
   3.7622491e+02
   3.7672784e+02
   3.7723065e+02
   3.7773337e+02
   3.7823599e+02
   3.7873853e+02
   3.7924094e+02
   3.7974323e+02
   3.8024542e+02
   3.8074753e+02
   3.8124954e+02
   3.8175140e+02
   3.8225320e+02
   3.8275488e+02
   3.8325647e+02
   3.8375793e+02
   3.8425931e+02
   3.8476056e+02
   3.8526172e+02
   3.8576279e+02
   3.8626373e+02
   3.8676459e+02
   3.8726532e+02
   3.8776596e+02
   3.8826651e+02
   3.8876694e+02
   3.8926727e+02
   3.8976749e+02
   3.9026761e+02
   3.9076764e+02
   3.9126755e+02
   3.9176733e+02
   3.9226706e+02
   3.9276663e+02
   3.9326614e+02
   3.9376553e+02
   3.9426483e+02
   3.9476401e+02
   3.9526309e+02
   3.9576205e+02
   3.9626093e+02
   3.9675967e+02
   3.9725836e+02
   3.9775690e+02
   3.9825537e+02
   3.9875369e+02
   3.9925195e+02
   3.9975009e+02
   4.0024814e+02
   4.0074606e+02
   4.0124390e+02
   4.0174161e+02
   4.0223923e+02
   4.0273676e+02
   4.0323416e+02
   4.0373148e+02
   4.0422867e+02
   4.0472577e+02
   4.0522278e+02
   4.0571967e+02
   4.0621643e+02
   4.0671313e+02
   4.0720972e+02
   4.0770618e+02
   4.0820255e+02
   4.0869882e+02
   4.0919498e+02
   4.0969104e+02
   4.1018698e+02
   4.1068283e+02
   4.1117859e+02
   4.1167422e+02
   4.1216977e+02
   4.1266519e+02
   4.1316052e+02
   4.1365573e+02
   4.1415088e+02
   4.1464587e+02
   4.1514078e+02
   4.1563559e+02
   4.1613031e+02
   4.1662491e+02
   4.1711938e+02
   4.1761380e+02
   4.1810806e+02
   4.1860226e+02
   4.1909634e+02
   4.1959030e+02
   4.2008420e+02
   4.2057794e+02
   4.2107162e+02
   4.2156516e+02
   4.2205862e+02
   4.2255197e+02
   4.2304523e+02
   4.2353836e+02
   4.2403140e+02
   4.2452432e+02
   4.2501715e+02
   4.2550989e+02
   4.2600250e+02
   4.2649503e+02
   4.2698743e+02
   4.2747974e+02
   4.2797195e+02
   4.2846405e+02
   4.2895605e+02
   4.2944794e+02
   4.2993973e+02
   4.3043140e+02
   4.3092297e+02
   4.3141446e+02
   4.3190582e+02
   4.3239709e+02
   4.3288824e+02
   4.3337930e+02
   4.3387027e+02
   4.3436111e+02
   4.3485187e+02
   4.3534250e+02
   4.3583304e+02
   4.3632349e+02
   4.3681381e+02
   4.3730405e+02
   4.3779416e+02
   4.3828418e+02
   4.3877408e+02
   4.3926389e+02
   4.3975360e+02
   4.4024319e+02
   4.4073270e+02
   4.4122208e+02
   4.4171136e+02
   4.4220056e+02
   4.4268964e+02
   4.4317862e+02
   4.4366748e+02
   4.4415625e+02
   4.4464493e+02
   4.4513348e+02
   4.4562192e+02
   4.4611029e+02
   4.4659851e+02
   4.4708667e+02
   4.4757471e+02
   4.4806262e+02
   4.4855048e+02
   4.4903818e+02
   4.4952582e+02
   4.5001334e+02
   4.5050073e+02
   4.5098807e+02
   4.5147525e+02
   4.5196237e+02
   4.5244934e+02
   4.5293625e+02
   4.5342303e+02
   4.5390973e+02
   4.5439630e+02
   4.5488278e+02
   4.5536914e+02
   4.5585541e+02
   4.5634158e+02
   4.5682764e+02
   4.5731360e+02
   4.5779944e+02
   4.5828519e+02
   4.5877084e+02
   4.5925638e+02
   4.5974179e+02
   4.6022714e+02
   4.6071237e+02
   4.6119748e+02
   4.6168250e+02
   4.6216742e+02
   4.6265222e+02
   4.6313693e+02
   4.6362152e+02
   4.6410602e+02
   4.6459042e+02
   4.6507471e+02
   4.6555890e+02
   4.6604297e+02
   4.6652695e+02
   4.6701083e+02
   4.6749460e+02
   4.6797824e+02
   4.6846182e+02
   4.6894528e+02
   4.6942862e+02
   4.6991187e+02
   4.7039502e+02
   4.7087805e+02
   4.7136099e+02
   4.7184381e+02
   4.7232654e+02
   4.7280917e+02
   4.7329169e+02
   4.7377411e+02
   4.7425641e+02
   4.7473862e+02
   4.7522070e+02
   4.7570270e+02
   4.7618460e+02
   4.7666638e+02
   4.7714807e+02
   4.7762967e+02
   4.7811115e+02
   4.7859250e+02
   4.7907376e+02
   4.7955493e+02
   4.8003601e+02
   4.8051697e+02
   4.8099780e+02
   4.8147855e+02
   4.8195920e+02
   4.8243973e+02
   4.8292017e+02
   4.8340051e+02
   4.8388074e+02
   4.8436084e+02
   4.8484088e+02
   4.8532077e+02
   4.8580060e+02
   4.8628030e+02
   4.8675989e+02
   4.8723941e+02
   4.8771878e+02
   4.8819809e+02
   4.8867728e+02
   4.8915634e+02
   4.8963531e+02
   4.9011420e+02
   4.9059296e+02
   4.9107162e+02
   4.9155020e+02
   4.9202866e+02
   4.9250699e+02
   4.9298526e+02
   4.9346338e+02
   4.9394144e+02
   4.9441937e+02
   4.9489719e+02
   4.9537494e+02
   4.9585254e+02
   4.9633008e+02
   4.9680750e+02
   4.9728479e+02
   4.9776199e+02
   4.9823911e+02
   4.9871609e+02
   4.9919299e+02
   4.9966977e+02
   5.0014645e+02
   5.0062305e+02
   5.0109952e+02
   5.0157590e+02
   5.0205219e+02
   5.0252832e+02
   5.0300439e+02
   5.0348035e+02
   5.0395621e+02
   5.0443195e+02
   5.0490759e+02
   5.0538315e+02
   5.0585858e+02
   5.0633389e+02
   5.0680914e+02
   5.0728424e+02
   5.0775928e+02
   5.0823419e+02
   5.0870901e+02
   5.0918372e+02
   5.0965833e+02
   5.1013281e+02
   5.1060721e+02
   5.1108148e+02
   5.1155569e+02
   5.1202979e+02
   5.1250372e+02
   5.1297760e+02
   5.1345135e+02
   5.1392505e+02
   5.1439862e+02
   5.1487207e+02
   5.1534540e+02
   5.1581866e+02
   5.1629181e+02
   5.1676483e+02
   5.1723779e+02
   5.1771063e+02
   5.1818335e+02
   5.1865594e+02
   5.1912848e+02
   5.1960089e+02
   5.2007324e+02
   5.2054541e+02
   5.2101752e+02
   5.2148950e+02
   5.2196143e+02
   5.2243323e+02
   5.2290491e+02
   5.2337646e+02
   5.2384796e+02
   5.2431934e+02
   5.2479059e+02
   5.2526178e+02
   5.2573285e+02
   5.2620380e+02
   5.2667462e+02
   5.2714539e+02
   5.2761603e+02
   5.2808655e+02
   5.2855701e+02
   5.2902734e+02
   5.2949756e+02
   5.2996771e+02
   5.3043774e+02
   5.3090765e+02
   5.3137744e+02
   5.3184717e+02
   5.3231677e+02
   5.3278625e+02
   5.3325568e+02
   5.3372491e+02
   5.3419415e+02
   5.3466321e+02
   5.3513220e+02
   5.3560107e+02
   5.3606982e+02
   5.3653851e+02
   5.3700708e+02
   5.3747552e+02
   5.3794385e+02
   5.3841211e+02
   5.3888025e+02
   5.3934833e+02
   5.3981622e+02
   5.4028406e+02
   5.4075183e+02
   5.4121942e+02
   5.4168695e+02
   5.4215436e+02
   5.4262170e+02
   5.4308887e+02
   5.4355597e+02
   5.4402301e+02
   5.4448987e+02
   5.4495667e+02
   5.4542340e+02
   5.4588995e+02
   5.4635645e+02
   5.4682281e+02
   5.4728906e+02
   5.4775525e+02
   5.4822131e+02
   5.4868726e+02
   5.4915314e+02
   5.4961890e+02
   5.5008453e+02
   5.5055005e+02
   5.5101550e+02
   5.5148083e+02
   5.5194604e+02
   5.5241119e+02
   5.5287622e+02
   5.5334113e+02
   5.5380591e+02
   5.5427063e+02
   5.5473523e+02
   5.5519977e+02
   5.5566412e+02
   5.5612842e+02
   5.5659259e+02
   5.5705670e+02
   5.5752069e+02
   5.5798456e+02
   5.5844830e+02
   5.5891199e+02
   5.5937555e+02
   5.5983899e+02
   5.6030237e+02
   5.6076563e+02
   5.6122876e+02
   5.6169183e+02
   5.6215472e+02
   5.6261755e+02
   5.6308032e+02
   5.6354291e+02
   5.6400543e+02
   5.6446790e+02
   5.6493018e+02
   5.6539240e+02
   5.6585449e+02
   5.6631653e+02
   5.6677838e+02
   5.6724017e+02
   5.6770190e+02
   5.6816345e+02
   5.6862494e+02
   5.6908630e+02
   5.6954761e+02
   5.7000873e+02
   5.7046985e+02
   5.7093079e+02
   5.7139166e+02
   5.7185236e+02
   5.7231305e+02
   5.7277356e+02
   5.7323401e+02
   5.7369434e+02
   5.7415460e+02
   5.7461469e+02
   5.7507471e+02
   5.7553467e+02
   5.7599445e+02
   5.7645416e+02
   5.7691376e+02
   5.7737329e+02
   5.7783264e+02
   5.7829193e+02
   5.7875116e+02
   5.7921021e+02
   5.7966919e+02
   5.8012811e+02
   5.8058685e+02
   5.8104553e+02
   5.8150409e+02
   5.8196252e+02
   5.8242090e+02
   5.8287915e+02
   5.8333728e+02
   5.8379535e+02
   5.8425330e+02
   5.8471112e+02
   5.8516882e+02
   5.8562646e+02
   5.8608398e+02
   5.8654144e+02
   5.8699872e+02
   5.8745593e+02
   5.8791302e+02
   5.8837006e+02
   5.8882697e+02
   5.8928375e+02
   5.8974042e+02
   5.9019702e+02
   5.9065350e+02
   5.9110986e+02
   5.9156616e+02
   5.9202234e+02
   5.9247839e+02
   5.9293433e+02
   5.9339020e+02
   5.9384595e+02
   5.9430157e+02
   5.9475714e+02
   5.9521259e+02
   5.9566791e+02
   5.9612311e+02
   5.9657825e+02
   5.9703326e+02
   5.9748822e+02
   5.9794299e+02
   5.9839771e+02
   5.9885236e+02
   5.9930682e+02
   5.9976123e+02
   6.0021552e+02
   6.0066974e+02
   6.0112378e+02
   6.0157776e+02
   6.0203168e+02
   6.0248541e+02
   6.0293909e+02
   6.0339264e+02
   6.0384613e+02
   6.0429950e+02
   6.0475275e+02
   6.0520587e+02
   6.0565894e+02
   6.0611188e+02
   6.0656470e+02
   6.0701746e+02
   6.0747003e+02
   6.0792261e+02
   6.0837500e+02
   6.0882733e+02
   6.0927954e+02
   6.0973163e+02
   6.1018365e+02
   6.1063556e+02
   6.1108734e+02
   6.1153900e+02
   6.1199060e+02
   6.1244208e+02
   6.1289343e+02
   6.1334473e+02
   6.1379590e+02
   6.1424695e+02
   6.1469794e+02
   6.1514880e+02
   6.1559955e+02
   6.1605017e+02
   6.1650073e+02
   6.1695117e+02
   6.1740149e+02
   6.1785175e+02
   6.1830188e+02
   6.1875189e+02
   6.1920178e+02
   6.1965161e+02
   6.2010132e+02
   6.2055096e+02
   6.2100043e+02
   6.2144983e+02
   6.2189911e+02
   6.2234833e+02
   6.2279742e+02
   6.2324640e+02
   6.2369525e+02
   6.2414404e+02
   6.2459271e+02
   6.2504126e+02
   6.2548975e+02
   6.2593811e+02
   6.2638635e+02
   6.2683447e+02
   6.2728253e+02
   6.2773047e+02
   6.2817828e+02
   6.2862604e+02
   6.2907367e+02
   6.2952118e+02
   6.2996863e+02
   6.3041595e+02
   6.3086316e+02
   6.3131024e+02
   6.3175726e+02
   6.3220416e+02
   6.3265094e+02
   6.3309766e+02
   6.3354425e+02
   6.3399072e+02
   6.3443707e+02
   6.3488336e+02
   6.3532953e+02
   6.3577557e+02
   6.3622156e+02
   6.3666742e+02
   6.3711316e+02
   6.3755884e+02
   6.3800433e+02
   6.3844983e+02
   6.3889514e+02
   6.3934039e+02
   6.3978552e+02
   6.4023053e+02
   6.4067542e+02
   6.4112024e+02
   6.4156494e+02
   6.4200958e+02
   6.4245410e+02
   6.4289850e+02
   6.4334277e+02
   6.4378699e+02
   6.4423108e+02
   6.4467505e+02
   6.4511890e+02
   6.4556268e+02
   6.4600635e+02
   6.4644995e+02
   6.4689337e+02
   6.4733673e+02
   6.4777997e+02
   6.4822314e+02
   6.4866620e+02
   6.4910913e+02
   6.4955194e+02
   6.4999469e+02
   6.5043732e+02
   6.5087988e+02
   6.5132227e+02
   6.5176459e+02
   6.5220679e+02
   6.5264893e+02
   6.5309094e+02
   6.5353284e+02
   6.5397461e+02
   6.5441632e+02
   6.5485791e+02
   6.5529938e+02
   6.5574072e+02
   6.5618201e+02
   6.5662317e+02
   6.5706427e+02
   6.5750525e+02
   6.5794611e+02
   6.5838684e+02
   6.5882745e+02
   6.5926801e+02
   6.5970850e+02
   6.6014880e+02
   6.6058905e+02
   6.6102917e+02
   6.6146918e+02
   6.6190912e+02
   6.6234894e+02
   6.6278864e+02
   6.6322827e+02
   6.6366779e+02
   6.6410718e+02
   6.6454645e+02
   6.6498566e+02
   6.6542474e+02
   6.6586371e+02
   6.6630261e+02
   6.6674139e+02
   6.6718005e+02
   6.6761859e+02
   6.6805707e+02
   6.6849542e+02
   6.6893365e+02
   6.6937183e+02
   6.6980988e+02
   6.7024780e+02
   6.7068567e+02
   6.7112341e+02
   6.7156104e+02
   6.7199854e+02
   6.7243597e+02
   6.7287329e+02
   6.7331049e+02
   6.7374762e+02
   6.7418463e+02
   6.7462152e+02
   6.7505829e+02
   6.7549500e+02
   6.7593158e+02
   6.7636804e+02
   6.7680444e+02
   6.7724072e+02
   6.7767688e+02
   6.7811298e+02
   6.7854895e+02
   6.7898480e+02
   6.7942053e+02
   6.7985620e+02
   6.8029175e+02
   6.8072717e+02
   6.8116254e+02
   6.8159778e+02
   6.8203290e+02
   6.8246790e+02
   6.8290283e+02
   6.8333765e+02
   6.8377234e+02
   6.8420697e+02
   6.8464148e+02
   6.8507587e+02
   6.8551019e+02
   6.8594434e+02
   6.8637848e+02
   6.8681244e+02
   6.8724634e+02
   6.8768011e+02
   6.8811377e+02
   6.8854730e+02
   6.8898077e+02
   6.8941418e+02
   6.8984741e+02
   6.9028058e+02
   6.9071362e+02
   6.9114655e+02
   6.9157941e+02
   6.9201215e+02
   6.9244476e+02
   6.9287726e+02
   6.9330969e+02
   6.9374200e+02
   6.9417426e+02
   6.9460632e+02
   6.9503833e+02
   6.9547028e+02
   6.9590204e+02
   6.9633374e+02
   6.9676532e+02
   6.9719684e+02
   6.9762817e+02
   6.9805945e+02
   6.9849066e+02
   6.9892169e+02
   6.9935266e+02
   6.9978351e+02
   7.0021429e+02
   7.0064496e+02
   7.0107550e+02
   7.0150592e+02
   7.0193628e+02
   7.0236652e+02
   7.0279663e+02
   7.0322668e+02
   7.0365656e+02
   7.0408643e+02
   7.0451611e+02
   7.0494574e+02
   7.0537524e+02
   7.0580463e+02
   7.0623395e+02
   7.0666315e+02
   7.0709222e+02
   7.0752118e+02
   7.0795007e+02
   7.0837885e+02
   7.0880756e+02
   7.0923608e+02
   7.0966455e+02
   7.1009290e+02
   7.1052118e+02
   7.1094934e+02
   7.1137738e+02
   7.1180530e+02
   7.1223315e+02
   7.1266089e+02
   7.1308850e+02
   7.1351605e+02
   7.1394348e+02
   7.1437079e+02
   7.1479803e+02
   7.1522510e+02
   7.1565210e+02
   7.1607904e+02
   7.1650580e+02
   7.1693250e+02
   7.1735913e+02
   7.1778558e+02
   7.1821198e+02
   7.1863824e+02
   7.1906445e+02
   7.1949048e+02
   7.1991644e+02
   7.2034235e+02
   7.2076807e+02
   7.2119373e+02
   7.2161926e+02
   7.2204474e+02
   7.2247003e+02
   7.2289526e+02
   7.2332043e+02
   7.2374542e+02
   7.2417035e+02
   7.2459521e+02
   7.2501990e+02
   7.2544452e+02
   7.2586902e+02
   7.2629346e+02
   7.2671771e+02
   7.2714191e+02
   7.2756604e+02
   7.2798999e+02
   7.2841388e+02
   7.2883765e+02
   7.2926135e+02
   7.2968488e+02
   7.3010834e+02
   7.3053174e+02
   7.3095496e+02
   7.3137811e+02
   7.3180121e+02
   7.3222412e+02
   7.3264697e+02
   7.3306970e+02
   7.3349231e+02
   7.3391486e+02
   7.3433728e+02
   7.3475958e+02
   7.3518182e+02
   7.3560394e+02
   7.3602594e+02
   7.3644781e+02
   7.3686963e+02
   7.3729132e+02
   7.3771295e+02
   7.3813440e+02
   7.3855579e+02
   7.3897705e+02
   7.3939825e+02
   7.3981934e+02
   7.4024030e+02
   7.4066113e+02
   7.4108191e+02
   7.4150256e+02
   7.4192310e+02
   7.4234357e+02
   7.4276385e+02
   7.4318414e+02
   7.4360425e+02
   7.4402429e+02
   7.4444421e+02
   7.4486401e+02
   7.4528375e+02
   7.4570337e+02
   7.4612286e+02
   7.4654224e+02
   7.4696155e+02
   7.4738074e+02
   7.4779987e+02
   7.4821881e+02
   7.4863770e+02
   7.4905652e+02
   7.4947516e+02
   7.4989374e+02
   7.5031219e+02
   7.5073059e+02
   7.5114880e+02
   7.5156696e+02
   7.5198505e+02
   7.5240295e+02
   7.5282080e+02
   7.5323853e+02
   7.5365619e+02
   7.5407373e+02
   7.5449115e+02
   7.5490845e+02
   7.5532568e+02
   7.5574280e+02
   7.5615979e+02
   7.5657672e+02
   7.5699347e+02
   7.5741022e+02
   7.5782678e+02
   7.5824329e+02
   7.5865967e+02
   7.5907593e+02
   7.5949213e+02
   7.5990814e+02
   7.6032416e+02
   7.6073999e+02
   7.6115576e+02
   7.6157141e+02
   7.6198694e+02
   7.6240240e+02
   7.6281775e+02
   7.6323297e+02
   7.6364813e+02
   7.6406317e+02
   7.6447809e+02
   7.6489288e+02
   7.6530762e+02
   7.6572223e+02
   7.6613672e+02
   7.6655115e+02
   7.6696545e+02
   7.6737964e+02
   7.6779370e+02
   7.6820770e+02
   7.6862158e+02
   7.6903540e+02
   7.6944904e+02
   7.6986261e+02
   7.7027606e+02
   7.7068945e+02
   7.7110272e+02
   7.7151587e+02
   7.7192889e+02
   7.7234186e+02
   7.7275470e+02
   7.7316742e+02
   7.7358008e+02
   7.7399261e+02
   7.7440503e+02
   7.7481732e+02
   7.7522955e+02
   7.7564166e+02
   7.7605365e+02
   7.7646558e+02
   7.7687738e+02
   7.7728906e+02
   7.7770068e+02
   7.7811218e+02
   7.7852356e+02
   7.7893481e+02
   7.7934601e+02
   7.7975708e+02
   7.8016803e+02
   7.8057892e+02
   7.8098969e+02
   7.8140033e+02
   7.8181085e+02
   7.8222131e+02
   7.8263165e+02
   7.8304187e+02
   7.8345203e+02
   7.8386206e+02
   7.8427197e+02
   7.8468182e+02
   7.8509149e+02
   7.8550116e+02
   7.8591064e+02
   7.8632007e+02
   7.8672937e+02
   7.8713855e+02
   7.8754761e+02
   7.8795660e+02
   7.8836548e+02
   7.8877429e+02
   7.8918298e+02
   7.8959155e+02
   7.9000000e+02
   7.9040839e+02
   7.9081665e+02
   7.9122479e+02
   7.9163281e+02
   7.9204077e+02
   7.9244861e+02
   7.9285638e+02
   7.9326398e+02
   7.9367151e+02
   7.9407892e+02
   7.9448627e+02
   7.9489349e+02
   7.9530060e+02
   7.9570758e+02
   7.9611450e+02
   7.9652130e+02
   7.9692804e+02
   7.9733459e+02
   7.9774109e+02
   7.9814746e+02
   7.9855377e+02
   7.9895996e+02
   7.9936603e+02
   7.9977197e+02
   8.0017786e+02
   8.0058362e+02
   8.0098926e+02
   8.0139478e+02
   8.0180023e+02
   8.0220557e+02
   8.0261084e+02
   8.0301599e+02
   8.0342102e+02
   8.0382593e+02
   8.0423077e+02
   8.0463544e+02
   8.0504010e+02
   8.0544458e+02
   8.0584900e+02
   8.0625330e+02
   8.0665747e+02
   8.0706158e+02
   8.0746558e+02
   8.0786945e+02
   8.0827325e+02
   8.0867694e+02
   8.0908051e+02
   8.0948395e+02
   8.0988733e+02
   8.1029059e+02
   8.1069373e+02
   8.1109680e+02
   8.1149976e+02
   8.1190259e+02
   8.1230530e+02
   8.1270795e+02
   8.1311047e+02
   8.1351294e+02
   8.1391522e+02
   8.1431744e+02
   8.1471954e+02
   8.1512158e+02
   8.1552350e+02
   8.1592529e+02
   8.1632697e+02
   8.1672858e+02
   8.1713007e+02
   8.1753143e+02
   8.1793274e+02
   8.1833392e+02
   8.1873499e+02
   8.1913593e+02
   8.1953680e+02
   8.1993756e+02
   8.2033826e+02
   8.2073877e+02
   8.2113922e+02
   8.2153955e+02
   8.2193982e+02
   8.2233997e+02
   8.2273999e+02
   8.2313989e+02
   8.2353973e+02
   8.2393945e+02
   8.2433905e+02
   8.2473859e+02
   8.2513800e+02
   8.2553729e+02
   8.2593646e+02
   8.2633557e+02
   8.2673456e+02
   8.2713342e+02
   8.2753223e+02
   8.2793091e+02
   8.2832947e+02
   8.2872797e+02
   8.2912634e+02
   8.2952460e+02
   8.2992273e+02
   8.3032080e+02
   8.3071875e+02
   8.3111658e+02
   8.3151434e+02
   8.3191193e+02
   8.3230951e+02
   8.3270691e+02
   8.3310425e+02
   8.3350146e+02
   8.3389856e+02
   8.3429559e+02
   8.3469250e+02
   8.3508929e+02
   8.3548596e+02
   8.3588257e+02
   8.3627905e+02
   8.3667548e+02
   8.3707172e+02
   8.3746790e+02
   8.3786401e+02
   8.3825995e+02
   8.3865582e+02
   8.3905157e+02
   8.3944727e+02
   8.3984277e+02
   8.4023822e+02
   8.4063361e+02
   8.4102881e+02
   8.4142395e+02
   8.4181897e+02
   8.4221393e+02
   8.4260876e+02
   8.4300348e+02
   8.4339807e+02
   8.4379260e+02
   8.4418701e+02
   8.4458130e+02
   8.4497552e+02
   8.4536963e+02
   8.4576361e+02
   8.4615747e+02
   8.4655127e+02
   8.4694495e+02
   8.4733850e+02
   8.4773199e+02
   8.4812537e+02
   8.4851862e+02
   8.4891174e+02
   8.4930481e+02
   8.4969775e+02
   8.5009064e+02
   8.5048334e+02
   8.5087598e+02
   8.5126855e+02
   8.5166095e+02
   8.5205328e+02
   8.5244550e+02
   8.5283759e+02
   8.5322961e+02
   8.5362152e+02
   8.5401331e+02
   8.5440503e+02
   8.5479663e+02
   8.5518811e+02
   8.5557953e+02
   8.5597076e+02
   8.5636200e+02
   8.5675305e+02
   8.5714404e+02
   8.5753485e+02
   8.5792566e+02
   8.5831628e+02
   8.5870685e+02
   8.5909729e+02
   8.5948767e+02
   8.5987787e+02
   8.6026801e+02
   8.6065808e+02
   8.6104797e+02
   8.6143781e+02
   8.6182751e+02
   8.6221716e+02
   8.6260669e+02
   8.6299609e+02
   8.6338538e+02
   8.6377460e+02
   8.6416370e+02
   8.6455267e+02
   8.6494153e+02
   8.6533032e+02
   8.6571899e+02
   8.6610760e+02
   8.6649603e+02
   8.6688440e+02
   8.6727271e+02
   8.6766083e+02
   8.6804889e+02
   8.6843683e+02
   8.6882471e+02
   8.6921240e+02
   8.6960010e+02
   8.6998761e+02
   8.7037506e+02
   8.7076233e+02
   8.7114960e+02
   8.7153668e+02
   8.7192371e+02
   8.7231061e+02
   8.7269745e+02
   8.7308411e+02
   8.7347070e+02
   8.7385718e+02
   8.7424359e+02
   8.7462988e+02
   8.7501605e+02
   8.7540216e+02
   8.7578809e+02
   8.7617395e+02
   8.7655975e+02
   8.7694537e+02
   8.7733093e+02
   8.7771637e+02
   8.7810175e+02
   8.7848700e+02
   8.7887213e+02
   8.7925714e+02
   8.7964209e+02
   8.8002692e+02
   8.8041162e+02
   8.8079626e+02
   8.8118079e+02
   8.8156519e+02
   8.8194946e+02
   8.8233368e+02
   8.8271777e+02
   8.8310175e+02
   8.8348566e+02
   8.8386945e+02
   8.8425311e+02
   8.8463672e+02
   8.8502014e+02
   8.8540350e+02
   8.8578680e+02
   8.8616998e+02
   8.8655298e+02
   8.8693597e+02
   8.8731879e+02
   8.8770154e+02
   8.8808417e+02
   8.8846674e+02
   8.8884912e+02
   8.8923145e+02
   8.8961371e+02
   8.8999579e+02
   8.9037781e+02
   8.9075977e+02
   8.9114154e+02
   8.9152325e+02
   8.9190485e+02
   8.9228632e+02
   8.9266772e+02
   8.9304901e+02
   8.9343018e+02
   8.9381128e+02
   8.9419226e+02
   8.9457312e+02
   8.9495386e+02
   8.9533453e+02
   8.9571509e+02
   8.9609552e+02
   8.9647589e+02
   8.9685614e+02
   8.9723627e+02
   8.9761627e+02
   8.9799622e+02
   8.9837604e+02
   8.9875580e+02
   8.9913538e+02
   8.9951489e+02
   8.9989429e+02
   9.0027362e+02
   9.0065283e+02
   9.0103192e+02
   9.0141089e+02
   9.0178979e+02
   9.0216858e+02
   9.0254724e+02
   9.0292584e+02
   9.0330432e+02
   9.0368268e+02
   9.0406097e+02
   9.0443909e+02
   9.0481714e+02
   9.0519513e+02
   9.0557294e+02
   9.0595068e+02
   9.0632837e+02
   9.0670587e+02
   9.0708331e+02
   9.0746063e+02
   9.0783783e+02
   9.0821497e+02
   9.0859198e+02
   9.0896887e+02
   9.0934570e+02
   9.0972241e+02
   9.1009900e+02
   9.1047552e+02
   9.1085187e+02
   9.1122815e+02
   9.1160437e+02
   9.1198041e+02
   9.1235638e+02
   9.1273224e+02
   9.1310803e+02
   9.1348370e+02
   9.1385925e+02
   9.1423468e+02
   9.1461005e+02
   9.1498529e+02
   9.1536041e+02
   9.1573547e+02
   9.1611041e+02
   9.1648523e+02
   9.1685992e+02
   9.1723456e+02
   9.1760907e+02
   9.1798352e+02
   9.1835779e+02
   9.1873199e+02
   9.1910608e+02
   9.1948010e+02
   9.1985400e+02
   9.2022778e+02
   9.2060144e+02
   9.2097504e+02
   9.2134851e+02
   9.2172186e+02
   9.2209515e+02
   9.2246832e+02
   9.2284137e+02
   9.2321429e+02
   9.2358716e+02
   9.2395990e+02
   9.2433252e+02
   9.2470508e+02
   9.2507751e+02
   9.2544983e+02
   9.2582202e+02
   9.2619415e+02
   9.2656616e+02
   9.2693811e+02
   9.2730988e+02
   9.2768158e+02
   9.2805322e+02
   9.2842468e+02
   9.2879608e+02
   9.2916736e+02
   9.2953857e+02
   9.2990961e+02
   9.3028058e+02
   9.3065149e+02
   9.3102222e+02
   9.3139288e+02
   9.3176343e+02
   9.3213391e+02
   9.3250427e+02
   9.3287451e+02
   9.3324463e+02
   9.3361469e+02
   9.3398462e+02
   9.3435443e+02
   9.3472418e+02
   9.3509381e+02
   9.3546332e+02
   9.3583270e+02
   9.3620203e+02
   9.3657123e+02
   9.3694031e+02
   9.3730933e+02
   9.3767822e+02
   9.3804700e+02
   9.3841565e+02
   9.3878424e+02
   9.3915271e+02
   9.3952112e+02
   9.3988934e+02
   9.4025751e+02
   9.4062555e+02
   9.4099353e+02
   9.4136139e+02
   9.4172913e+02
   9.4209674e+02
   9.4246429e+02
   9.4283173e+02
   9.4319904e+02
   9.4356628e+02
   9.4393341e+02
   9.4430042e+02
   9.4466736e+02
   9.4503412e+02
   9.4540082e+02
   9.4576746e+02
   9.4613391e+02
   9.4650031e+02
   9.4686664e+02
   9.4723279e+02
   9.4759888e+02
   9.4796484e+02
   9.4833075e+02
   9.4869647e+02
   9.4906213e+02
   9.4942773e+02
   9.4979315e+02
   9.5015851e+02
   9.5052374e+02
   9.5088892e+02
   9.5125391e+02
   9.5161884e+02
   9.5198370e+02
   9.5234839e+02
   9.5271301e+02
   9.5307758e+02
   9.5344196e+02
   9.5380627e+02
   9.5417047e+02
   9.5453455e+02
   9.5489856e+02
   9.5526245e+02
   9.5562622e+02
   9.5598993e+02
   9.5635352e+02
   9.5671698e+02
   9.5708038e+02
   9.5744360e+02
   9.5780676e+02
   9.5816986e+02
   9.5853278e+02
   9.5889563e+02
   9.5925842e+02
   9.5962103e+02
   9.5998358e+02
   9.6034601e+02
   9.6070831e+02
   9.6107056e+02
   9.6143268e+02
   9.6179468e+02
   9.6215662e+02
   9.6251843e+02
   9.6288013e+02
   9.6324170e+02
   9.6360321e+02
   9.6396460e+02
   9.6432587e+02
   9.6468707e+02
   9.6504816e+02
   9.6540912e+02
   9.6577002e+02
   9.6613080e+02
   9.6649146e+02
   9.6685199e+02
   9.6721246e+02
   9.6757281e+02
   9.6793304e+02
   9.6829321e+02
   9.6865320e+02
   9.6901318e+02
   9.6937299e+02
   9.6973273e+02
   9.7009235e+02
   9.7045184e+02
   9.7081128e+02
   9.7117059e+02
   9.7152979e+02
   9.7188885e+02
   9.7224786e+02
   9.7260675e+02
   9.7296558e+02
   9.7332422e+02
   9.7368280e+02
   9.7404126e+02
   9.7439966e+02
   9.7475793e+02
   9.7511609e+02
   9.7547412e+02
   9.7583209e+02
   9.7618994e+02
   9.7654773e+02
   9.7690533e+02
   9.7726288e+02
   9.7762030e+02
   9.7797766e+02
   9.7833484e+02
   9.7869202e+02
   9.7904901e+02
   9.7940594e+02
   9.7976276e+02
   9.8011945e+02
   9.8047601e+02
   9.8083252e+02
   9.8118890e+02
   9.8154523e+02
   9.8190137e+02
   9.8225751e+02
   9.8261346e+02
   9.8296930e+02
   9.8332507e+02
   9.8368079e+02
   9.8403632e+02
   9.8439178e+02
   9.8474713e+02
   9.8510236e+02
   9.8545752e+02
   9.8581256e+02
   9.8616748e+02
   9.8652234e+02
   9.8687701e+02
   9.8723169e+02
   9.8758618e+02
   9.8794061e+02
   9.8829492e+02
   9.8864911e+02
   9.8900323e+02
   9.8935718e+02
   9.8971112e+02
   9.9006488e+02
   9.9041858e+02
   9.9077216e+02
   9.9112561e+02
   9.9147900e+02
   9.9183228e+02
   9.9218542e+02
   9.9253851e+02
   9.9289142e+02
   9.9324432e+02
   9.9359705e+02
   9.9394971e+02
   9.9430225e+02
   9.9465466e+02
   9.9500702e+02
   9.9535919e+02
   9.9571136e+02
   9.9606335e+02
   9.9641528e+02
   9.9676709e+02
   9.9711877e+02
   9.9747040e+02
   9.9782190e+02
   9.9817328e+02
   9.9852460e+02
   9.9887573e+02
   9.9922681e+02
   9.9957782e+02
   9.9992871e+02
   1.0002795e+03
   1.0006301e+03
   1.0009807e+03
   1.0013311e+03
   1.0016815e+03
   1.0020317e+03
   1.0023819e+03
   1.0027319e+03
   1.0030818e+03
   1.0034317e+03
   1.0037814e+03
   1.0041310e+03
   1.0044805e+03
   1.0048300e+03
   1.0051793e+03
   1.0055285e+03
   1.0058776e+03
   1.0062266e+03
   1.0065755e+03
   1.0069243e+03
   1.0072729e+03
   1.0076215e+03
   1.0079700e+03
   1.0083184e+03
   1.0086666e+03
   1.0090148e+03
   1.0093629e+03
   1.0097108e+03
   1.0100587e+03
   1.0104064e+03
   1.0107541e+03
   1.0111016e+03
   1.0114490e+03
   1.0117964e+03
   1.0121436e+03
   1.0124907e+03
   1.0128378e+03
   1.0131847e+03
   1.0135315e+03
   1.0138782e+03
   1.0142248e+03
   1.0145713e+03
   1.0149177e+03
   1.0152640e+03
   1.0156102e+03
   1.0159562e+03
   1.0163022e+03
   1.0166481e+03
   1.0169938e+03
   1.0173395e+03
   1.0176851e+03
   1.0180305e+03
   1.0183759e+03
   1.0187211e+03
   1.0190663e+03
   1.0194113e+03
   1.0197562e+03
   1.0201011e+03
   1.0204458e+03
   1.0207905e+03
   1.0211349e+03
   1.0214794e+03
   1.0218237e+03
   1.0221679e+03
   1.0225120e+03
   1.0228560e+03
   1.0231999e+03
   1.0235437e+03
   1.0238874e+03
   1.0242310e+03
   1.0245745e+03
   1.0249178e+03
   1.0252611e+03
   1.0256042e+03
   1.0259473e+03
   1.0262903e+03
   1.0266331e+03
   1.0269758e+03
   1.0273185e+03
   1.0276610e+03
   1.0280034e+03
   1.0283458e+03
   1.0286880e+03
   1.0290302e+03
   1.0293722e+03
   1.0297141e+03
   1.0300559e+03
   1.0303976e+03
   1.0307393e+03
   1.0310807e+03
   1.0314221e+03
   1.0317634e+03
   1.0321046e+03
   1.0324457e+03
   1.0327866e+03
   1.0331276e+03
   1.0334683e+03
   1.0338090e+03
   1.0341495e+03
   1.0344900e+03
   1.0348303e+03
   1.0351705e+03
   1.0355107e+03
   1.0358507e+03
   1.0361907e+03
   1.0365305e+03
   1.0368702e+03
   1.0372098e+03
   1.0375494e+03
   1.0378888e+03
   1.0382281e+03
   1.0385674e+03
   1.0389065e+03
   1.0392455e+03
   1.0395844e+03
   1.0399231e+03
   1.0402618e+03
   1.0406003e+03
   1.0409388e+03
   1.0412772e+03
   1.0416155e+03
   1.0419537e+03
   1.0422917e+03
   1.0426298e+03
   1.0429675e+03
   1.0433053e+03
   1.0436429e+03
   1.0439805e+03
   1.0443180e+03
   1.0446553e+03
   1.0449926e+03
   1.0453296e+03
   1.0456666e+03
   1.0460035e+03
   1.0463403e+03
   1.0466771e+03
   1.0470137e+03
   1.0473502e+03
   1.0476865e+03
   1.0480228e+03
   1.0483590e+03
   1.0486952e+03
   1.0490311e+03
   1.0493669e+03
   1.0497028e+03
   1.0500385e+03
   1.0503740e+03
   1.0507095e+03
   1.0510448e+03
   1.0513800e+03
   1.0517152e+03
   1.0520503e+03
   1.0523851e+03
   1.0527200e+03
   1.0530547e+03
   1.0533894e+03
   1.0537239e+03
   1.0540583e+03
   1.0543926e+03
   1.0547268e+03
   1.0550609e+03
   1.0553949e+03
   1.0557289e+03
   1.0560626e+03
   1.0563964e+03
   1.0567299e+03
   1.0570634e+03
   1.0573967e+03
   1.0577300e+03
   1.0580632e+03
   1.0583962e+03
   1.0587292e+03
   1.0590620e+03
   1.0593948e+03
   1.0597274e+03
   1.0600601e+03
   1.0603925e+03
   1.0607247e+03
   1.0610570e+03
   1.0613892e+03
   1.0617212e+03
   1.0620531e+03
   1.0623849e+03
   1.0627166e+03
   1.0630482e+03
   1.0633796e+03
   1.0637111e+03
   1.0640424e+03
   1.0643735e+03
   1.0647047e+03
   1.0650356e+03
   1.0653665e+03
   1.0656973e+03
   1.0660280e+03
   1.0663585e+03
   1.0666890e+03
   1.0670193e+03
   1.0673496e+03
   1.0676797e+03
   1.0680098e+03
   1.0683397e+03
   1.0686696e+03
   1.0689993e+03
   1.0693289e+03
   1.0696584e+03
   1.0699878e+03
   1.0703171e+03
   1.0706464e+03
   1.0709755e+03
   1.0713044e+03
   1.0716333e+03
   1.0719622e+03
   1.0722909e+03
   1.0726194e+03
   1.0729479e+03
   1.0732762e+03
   1.0736045e+03
   1.0739327e+03
   1.0742607e+03
   1.0745887e+03
   1.0749166e+03
   1.0752444e+03
   1.0755720e+03
