400.24814	129.841797904311
400.74606	129.839867742919
401.2439	129.838149986709
401.74161	129.83665390081
402.23923	129.832823078778
402.73676	129.822724838645
403.23416	129.811508053701
403.73148	129.798937021129
404.22867	129.792004418914
404.72577	129.788408321032
405.22278	129.78479993934
405.71967	129.781091396084
406.21643	129.777049727799
406.71313	129.772515007931
407.20972	129.769529432829
407.70618	129.767689810188
408.20255	129.765842387157
408.69882	129.763823132173
409.19498	129.762795515024
409.69104	129.762410953259
410.18698	129.76153606642
410.68283	129.758890912723
411.17859	129.755270502023
411.67422	129.750068034272
412.16977	129.745026674207
412.66519	129.740655809829
413.16052	129.73516337554
413.65573	129.727383089563
414.15088	129.720234963685
414.64587	129.713528047227
415.14078	129.710723791125
415.63559	129.710141951967
416.13031	129.709615594618
416.62491	129.709085090097
417.11938	129.70800346414
417.6138	129.703780113674
418.10806	129.697155064772
418.60226	129.685433118546
419.09634	129.674510315142
419.5903	129.665707038894
420.0842	129.661279717238
420.57794	129.66036444816
421.07162	129.659127592273
421.56516	129.654563178245
422.05862	129.649114077903
422.55197	129.643566709746
423.04523	129.640382562004
423.53836	129.639752926726
424.0314	129.639404061946
424.52432	129.639204643541
425.01715	129.63896359541
425.50989	129.638189958856
426.0025	129.636998805679
426.49503	129.635594359226
426.98743	129.633677683813
427.47974	129.630837183419
427.97195	129.626650718547
428.46405	129.619280700129
428.95605	129.609876811754
429.44794	129.60087009392
429.93973	129.592876853653
430.4314	129.587748077404
430.92297	129.584096224246
431.41446	129.581905841912
431.90582	129.580324256762
432.39709	129.579103480703
432.88824	129.577850906235
433.3793	129.573272538058
433.87027	129.564718853381
434.36111	129.556847409165
434.85187	129.549982710107
435.3425	129.54844235053
435.83304	129.547829773518
436.32349	129.545463084469
436.81381	129.540305711989
437.30405	129.535177013964
437.79416	129.530092208552
438.28418	129.528145528408
438.77408	129.527293848338
439.26389	129.526002860079
439.7536	129.524191679791
440.24319	129.522176605963
440.7327	129.519902305994
441.22208	129.51698490489
441.71136	129.513123620675
442.20056	129.509226739348
442.68964	129.505375925451
443.17862	129.501373713526
443.66748	129.497278377126
444.15625	129.49225658236
444.64493	129.485366279494
445.13348	129.479833215443
445.62192	129.475632919993
446.11029	129.473601560906
446.59851	129.473027533303
447.08667	129.472408401277
447.57471	129.471446891515
448.06262	129.469975186362
448.55048	129.467009783
449.03818	129.462759001441
449.52582	129.456422374125
450.01334	129.449490003296
450.50073	129.442956485458
450.98807	129.437937124943
451.47525	129.435403168606
451.96237	129.433734094459
452.44934	129.432766214966
452.93625	129.431873643698
453.42303	129.429796903189
453.90973	129.426964935022
454.3963	129.424544876441
454.88278	129.422471806596
455.36914	129.421459385798
455.85541	129.420726512725
456.34158	129.419102949328
456.82764	129.416172565573
457.3136	129.411605827235
457.79944	129.404883195077
458.28519	129.399187526322
458.77084	129.394198277045
459.25638	129.391245192018
459.74179	129.389389097139
460.22714	129.387771718574
460.71237	129.386363597068
461.19748	129.38473940956
461.6825	129.382866056375
462.16742	129.379802803215
462.65222	129.373693026925
463.13693	129.367849048591
463.62152	129.362876040801
464.10602	129.358951882683
464.59042	129.356269427996
465.07471	129.35342762746
465.5589	129.349804677524
466.04297	129.34564739629
466.52695	129.340487858375
467.01083	129.335578070579
467.4946	129.33155520692
467.97824	129.328639805538
468.46182	129.327312665286
468.94528	129.32626249682
469.42862	129.32489253076
469.91187	129.32317276955
470.39502	129.320363884029
470.87805	129.316329363747
471.36099	129.311261272054
471.84381	129.305415517512
472.32654	129.300977204181
472.80917	129.297416476161
473.29169	129.295405222479
473.77411	129.294119367311
474.25641	129.292976335727
474.73862	129.291967708874
475.2207	129.290698895003
475.7027	129.289066985141
476.1846	129.287809433792
476.66638	129.287007597659
477.14807	129.28557263953
477.62967	129.281964222962
478.11115	129.277703919832
478.5925	129.272773226335
479.07376	129.268996618061
479.55493	129.266993028934
480.03601	129.265086376878
480.51697	129.26250335014
480.9978	129.26001155525
481.47855	129.258212397622
481.9592	129.256411446845
482.43973	129.253988199097
482.92017	129.25095468059
483.40051	129.246637448029
483.88074	129.241675683744
484.36084	129.238093647735
484.84088	129.2352570696
485.32077	129.233377478131
485.8006	129.232018851026
486.2803	129.23117214587
486.75989	129.230612832875
487.23941	129.229000115699
487.71878	129.224717762951
488.19809	129.220646317259
488.67728	129.216919795371
489.15634	129.21369039732
489.63531	129.21106921524
490.1142	129.208199552727
490.59296	129.204589524486
491.07162	129.201337634805
491.5502	129.198949144075
492.02866	129.196523446432
492.50699	129.19343278729
492.98526	129.190340875017
493.46338	129.187711703017
493.94144	129.185350240609
494.41937	129.183272561066
494.89719	129.181400964431
495.37494	129.179629169458
495.85254	129.178012238197
496.33008	129.176673427401
496.8075	129.175552753089
497.28479	129.174849071648
497.76199	129.174370329469
498.23911	129.173656583763
498.71609	129.17261578372
499.19299	129.171539733991
499.66977	129.170471632503
500.14645	129.169062447067
500.62305	129.167003538895
501.09952	129.164524824465
501.5759	129.161197154107
502.05219	129.15863207598
502.52832	129.157575318901
503.00439	129.156314560954
503.48035	129.152323634732
503.95621	129.146345283886
504.43195	129.139030840454
504.90759	129.132030466482
505.38315	129.129173780938
505.85858	129.127336404105
506.33389	129.125282407635
506.80914	129.123208649435
507.28424	129.121064343997
507.75928	129.11884518234
508.23419	129.116322876906
508.70901	129.11344012343
509.18372	129.110518147133
509.65833	129.107382949163
510.13281	129.10557475936
510.60721	129.104821311943
511.08148	129.104070734265
511.55569	129.103165231411
512.02979	129.101949879261
512.50372	129.099719462604
512.9776	129.097029880411
513.45135	129.094226285931
513.92505	129.091928128672
514.39862	129.09121901743
514.87207	129.090741412365
515.3454	129.089357290121
515.81866	129.086880095097
516.29181	129.08437056607
516.76483	129.081770861818
517.23779	129.080337366362
517.71063	129.07953238323
518.18335	129.078716626852
518.65594	129.07786844333
519.12848	129.076954448415
519.60089	129.076054912865
520.07324	129.074583405545
520.54541	129.070313082625
521.01752	129.065238366144
521.4895	129.06086453349
521.96143	129.057083383474
522.43323	129.054595505493
522.90491	129.052436930331
523.37646	129.049535126129
523.84796	129.046375360944
524.31934	129.043890707585
524.79059	129.041819826889
525.26178	129.040251435424
525.73285	129.038990779901
526.2038	129.03849698005
526.67462	129.038351314951
527.14539	129.037806086922
527.61603	129.034382257415
528.08655	129.030439749194
528.55701	129.026419478851
529.02734	129.02387907189
529.49756	129.023197076898
529.96771	129.022720833017
530.43774	129.022160907769
530.90765	129.021611092412
531.37744	129.021082886949
531.84717	129.020534747318
532.31677	129.019749185645
532.78625	129.018753913365
533.25568	129.017982446106
533.72491	129.017361060957
534.19415	129.016854742739
534.66321	129.016488907634
535.1322	129.01576781292
535.60107	129.013502058477
536.06982	129.010798155487
536.53851	129.007902030708
537.00708	129.005474927547
537.47552	129.004276886281
537.94385	129.003006869958
538.41211	128.999044138488
538.88025	128.99280734518
539.34833	128.986854482838
539.81622	128.98143866631
540.28406	128.98024840668
540.75183	128.979944918679
541.21942	128.979316899674
541.68695	128.978070134064
542.15436	128.976635344919
542.6217	128.974971032673
543.08887	128.973326839053
543.55597	128.971899585128
544.02301	128.970284049365
544.48987	128.967950280025
544.95667	128.96551897057
545.4234	128.963560278455
545.88995	128.961915070202
546.35645	128.960795238374
546.82281	128.959922308388
547.28906	128.959042584824
547.75525	128.958170151563
548.22131	128.95688822553
548.68726	128.954943534441
549.15314	128.9529566216
549.6189	128.950799879525
550.08453	128.949564124845
550.55005	128.949214527332
551.0155	128.948802051995
551.48083	128.947577264372
551.94604	128.945583377412
552.41119	128.94233922045
552.87622	128.938354309122
553.34113	128.93563683753
553.80591	128.933567996494
554.27063	128.932767563988
554.73523	128.932416110514
555.19977	128.931612140653
555.66412	128.929675156836
556.12842	128.927899098072
556.59259	128.926557643523
557.0567	128.925231679525
557.52069	128.923873070935
557.98456	128.922397202211
558.4483	128.920581452384
558.91199	128.918638039181
559.37555	128.917007380566
559.83899	128.915373947318
560.30237	128.912726142878
560.76563	128.90893413512
561.22876	128.905450965242
561.69183	128.902112544916
562.15472	128.90014625716
562.61755	128.899021974135
563.08032	128.898422095362
563.54291	128.898195639655
564.00543	128.897929469397
564.4679	128.897139175968
564.93018	128.895836072353
565.3924	128.893813896159
565.85449	128.891215247144
566.31653	128.889217109718
566.77838	128.887543579432
567.24017	128.886528919292
567.7019	128.885906775423
568.16345	128.885075626516
568.62494	128.883879106506
569.0863	128.882333570723
569.54761	128.880100905677
570.00873	128.877648280422
570.46985	128.875256372673
570.93079	128.872989416371
571.39166	128.871114044609
571.85236	128.869465574478
572.31305	128.868019972547
572.77356	128.866713745338
573.23401	128.865108992938
573.69434	128.863154076592
574.1546	128.861380693693
574.61469	128.859758569796
575.07471	128.858552604111
575.53467	128.857789512417
575.99445	128.857132366872
576.45416	128.856539613044
576.91376	128.855837254553
577.37329	128.85417033924
577.83264	128.851494963313
578.29193	128.848827343488
578.75116	128.846126135131
579.21021	128.845245858042
579.66919	128.844999362597
580.12811	128.84483011329
580.58685	128.844714812377
581.04553	128.8445580096
581.50409	128.844192981414
581.96252	128.84366912923
582.4209	128.84294712521
582.87915	128.842135618033
583.33728	128.841568034867
583.79535	128.841120988303
584.2533	128.840851782617
584.71112	128.840688378992
585.16882	128.840374021691
585.62646	128.839633700924
586.08398	128.83875509045
586.54144	128.837748268909
586.99872	128.836784927975
587.45593	128.836075838535
587.91302	128.835390371561
588.37006	128.83457898194
588.82697	128.833560552092
589.28375	128.831592468777
589.74042	128.828029624227
590.19702	128.824326823643
590.6535	128.820445824807
591.10986	128.816291235621
591.56616	128.811609642626
592.02234	128.807330860432
592.47839	128.803541312594
592.93433	128.800779764208
593.3902	128.799755003113
593.84595	128.799087839403
594.30157	128.798030072199
594.75714	128.796730792958
595.21259	128.795953421216
595.66791	128.795534607215
596.12311	128.794885720828
596.57825	128.793518246778
597.03326	128.792010391574
597.48822	128.790404816246
597.94299	128.789255740758
598.39771	128.789055622916
598.85236	128.788940531441
599.30682	128.788622556569
599.76123	128.78803009252
600.21552	128.787383903478
600.66974	128.786637626675
601.12378	128.78607419504
601.57776	128.7857405812
602.03168	128.785349576397
602.48541	128.784646055705
602.93909	128.783829964069
603.39264	128.783162571232
603.84613	128.782493824449
604.2995	128.781633274387
604.75275	128.780540463381
605.20587	128.778984979609
605.65894	128.776604400267
606.11188	128.774378301689
606.5647	128.772400149482
607.01746	128.770861154926
607.47003	128.769859743003
607.92261	128.769081580808
608.375	128.76849214102
608.82733	128.767947402102
609.27954	128.766670511309
609.73163	128.764214261666
610.18365	128.761973584558
610.63556	128.759900174169
611.08734	128.758368665293
611.539	128.757442455049
611.9906	128.756562579654
612.44208	128.755263703222
612.89343	128.754061456567
613.34473	128.753582415639
613.7959	128.753286149116
614.24695	128.752722786984
614.69794	128.751739495747
615.1488	128.750447197122
615.59955	128.748586353436
616.05017	128.746502520926
616.50073	128.744245966431
616.95117	128.742026861613
617.40149	128.739981144545
617.85175	128.738261879153
618.30188	128.737509292682
618.75189	128.73709101766
619.20178	128.736245486839
619.65161	128.734489543046
620.10132	128.732571942932
620.55096	128.730440699112
621.00043	128.728772231504
621.44983	128.727954097559
621.89911	128.727318219701
622.34833	128.726548447175
622.79742	128.725756585569
623.2464	128.725065542677
623.69525	128.724448793189
624.14404	128.723916008363
624.59271	128.723499690755
625.04126	128.722985172324
625.48975	128.722088798691
625.93811	128.721074098709
626.38635	128.720247150015
626.83447	128.71947542842
627.28253	128.718731546158
627.73047	128.718009293521
628.17828	128.717007571637
628.62604	128.715523362165
629.07367	128.71373219373
629.52118	128.711385427934
629.96863	128.709078670862
630.41595	128.707128732194
630.86316	128.705649023517
631.31024	128.705289534125
631.75726	128.705148032872
632.20416	128.704777900039
632.65094	128.703842994777
633.09766	128.702874140698
633.54425	128.701857329543
633.99072	128.701204324593
634.43707	128.701076125524
634.88336	128.700983716127
635.32953	128.700752287148
635.77557	128.700316807165
636.22156	128.699625009736
636.66742	128.698341489973
637.11316	128.69650285784
637.55884	128.693346785327
638.00433	128.689752355165
638.44983	128.685989973886
638.89514	128.682661562675
639.34039	128.680937935382
639.78552	128.679775943368
640.23053	128.678808969922
640.67542	128.678016533059
641.12024	128.677166806089
641.56494	128.676163347599
642.00958	128.675234329316
642.4541	128.674535246201
642.8985	128.673856129455
643.34277	128.672950217471
643.78699	128.671877255324
644.23108	128.670785869474
644.67505	128.669643451075
645.1189	128.668739495005
645.56268	128.668151099008
646.00635	128.66745994794
646.44995	128.666225570641
646.89337	128.664654712835
647.33673	128.662944588891
647.77997	128.661159455513
648.22314	128.660090945497
648.6662	128.659391065045
649.10913	128.658948349303
649.55194	128.658686542146
649.99469	128.658450642516
650.43732	128.658175511973
650.87988	128.657876810794
651.32227	128.657550496728
651.76459	128.657164359096
652.20679	128.656430401759
652.64893	128.654864863619
653.09094	128.653157370068
653.53284	128.651345536253
653.97461	128.649750701794
654.41632	128.648685849635
654.85791	128.647820824328
655.29938	128.646985725218
655.74072	128.646212160192
656.18201	128.645605607921
656.62317	128.645159804373
657.06427	128.644636730072
657.50525	128.643873301794
657.94611	128.643028691413
658.38684	128.64229737355
658.82745	128.641523315645
659.26801	128.640299930844
659.7085	128.638456617933
660.1488	128.636490927315
660.58905	128.634232777078
661.02917	128.632553101475
661.46918	128.631713410297
661.90912	128.631051899079
662.34894	128.630281549449
662.78864	128.629511777971
663.22827	128.628812230793
663.66779	128.628135141262
664.10718	128.627826906071
664.54645	128.627755597522
664.98566	128.627678030541
665.42474	128.627469730619
665.86371	128.627133046138
666.30261	128.626658780835
666.74139	128.626001110637
667.18005	128.62546236623
667.61859	128.625042995798
668.05707	128.624606594256
668.49542	128.624157465473
668.93365	128.623599561017
669.37183	128.622638965235
669.80988	128.621291398804
670.2478	128.619945686266
670.68567	128.618535208894
671.12341	128.617200673377
671.56104	128.616071215684
671.99854	128.614699349789
672.43597	128.612408557571
672.87329	128.609571331419
673.31049	128.606755133269
673.74762	128.603930503301
674.18463	128.602274009174
674.62152	128.601287277631
675.05829	128.60056642558
675.495	128.600030387529
675.93158	128.599559532032
676.36804	128.599062249192
676.80444	128.598544153362
677.24072	128.597879320743
677.67688	128.597029386356
678.11298	128.596001275339
678.54895	128.594667728953
678.9848	128.593223697452
679.42053	128.591771592192
679.8562	128.590339942077
680.29175	128.589094669689
680.72717	128.587976065938
681.16254	128.587070875416
681.59778	128.58631749924
682.0329	128.585734746257
682.4679	128.585335395473
682.90283	128.584981813099
683.33765	128.58453871149
683.77234	128.584058488813
684.20697	128.583650423465
684.64148	128.583316788963
685.07587	128.582900510707
685.51019	128.582301059569
685.94434	128.581551587295
686.37848	128.580522833032
686.81244	128.579360902618
687.24634	128.578656641896
687.68011	128.578203444721
688.11377	128.577654615882
688.5473	128.576956503706
688.98077	128.576035217468
689.41418	128.574439044743
689.84741	128.572462358297
690.28058	128.57097691972
690.71362	128.56973354483
691.14655	128.568630227167
691.57941	128.567666222642
692.01215	128.566725612432
692.44476	128.565675828449
692.87726	128.564700778853
693.30969	128.564023680701
693.742	128.56349524555
694.17426	128.563012999221
694.60632	128.562608300937
695.03833	128.562076561616
695.47028	128.561105814204
695.90204	128.559880161853
696.33374	128.558548704174
696.76532	128.557163776456
697.19684	128.556434200579
697.62817	128.556049205266
698.05945	128.555712818506
698.49066	128.555378221246
698.92169	128.555053760505
699.35266	128.554733524888
699.78351	128.554398699895
700.21429	128.553910294688
700.64496	128.553177430869
701.0755	128.552403647685
701.50592	128.551522304616
701.93628	128.550833282753
702.36652	128.55060637348
702.79663	128.550461008799
703.22668	128.550038631636
703.65656	128.548930737998
704.08643	128.547499382922
704.51611	128.54538181174
704.94574	128.543314571425
705.37524	128.542020735332
705.80463	128.541003687775
706.23395	128.540179199414
706.66315	128.539533993353
707.09222	128.538690498947
707.52118	128.537335164657
707.95007	128.535817138569
708.37885	128.534336223098
708.80756	128.532918810864
709.23608	128.531930595376
709.66455	128.531166632652
710.0929	128.530716437903
710.52118	128.530527761679
710.94934	128.530310432088
711.37738	128.529536465202
711.8053	128.528187259072
712.23315	128.526865585412
712.66089	128.525436415149
713.0885	128.524555434495
713.51605	128.524184036219
713.94348	128.5238469053
714.37079	128.523307104808
714.79803	128.522643803192
715.2251	128.521953349482
715.6521	128.521210080611
716.07904	128.520524197516
716.5058	128.520017484771
716.9325	128.519386502339
717.35913	128.517874044283
717.78558	128.515439120522
718.21198	128.513089543231
718.63824	128.510579608125
719.06445	128.509149586869
719.49048	128.508726738156
719.91644	128.508344663125
720.34235	128.507391590235
720.76807	128.505884575924
721.19373	128.504381543136
721.61926	128.502716650112
722.04474	128.501738446802
722.47003	128.501430587923
722.89526	128.501219133017
723.32043	128.500987611609
723.74542	128.500765120206
724.17035	128.500494588821
724.59521	128.50015744053
725.0199	128.499789679013
725.44452	128.499432180686
725.86902	128.499014776494
726.29346	128.49839828254
726.71771	128.49751908689
727.14191	128.496458118091
727.56604	128.495062238558
727.98999	128.493650708543
728.41388	128.492418384081
728.83765	128.491276635294
729.26135	128.490265137224
729.68488	128.489353225833
730.10834	128.488561135864
730.53174	128.487855239872
730.95496	128.487268494271
731.37811	128.486810155693
731.80121	128.486438447372
732.22412	128.486162289969
732.64697	128.485936909687
733.0697	128.485813528875
733.49231	128.485770980826
733.91486	128.485729160106
734.33728	128.485609330199
734.75958	128.485373374054
735.18182	128.485023668709
735.60394	128.48440009467
736.02594	128.483779945313
736.44781	128.483215980997
736.86963	128.482778104871
737.29132	128.482644912368
737.71295	128.482583689268
738.1344	128.482499365663
738.55579	128.482384299543
738.97705	128.482213575033
739.39825	128.481836869705
739.81934	128.481251725776
740.2403	128.480644341909
740.66113	128.479964646786
741.08191	128.479240235827
741.50256	128.478456012427
741.9231	128.477658200909
742.34357	128.476927758231
742.76385	128.476211869096
743.18414	128.475367409042
743.60425	128.474360157975
744.02429	128.47328267313
744.44421	128.472009343727
744.86401	128.470846549355
745.28375	128.470290639516
745.70337	128.469972128006
746.12286	128.469331664234
746.54224	128.467473982106
746.96155	128.465159784045
747.38074	128.462675831158
747.79987	128.460300755794
748.21881	128.459468801723
748.6377	128.459127877177
749.05652	128.458902621195
749.47516	128.458740420278
749.89374	128.458603270675
750.31219	128.458451988209
750.73059	128.45829381126
751.1488	128.458065971831
751.56696	128.457694783896
751.98505	128.457262443299
752.40295	128.456809483237
752.8208	128.456321778993
753.23853	128.455840181081
753.65619	128.455358998765
754.07373	128.454848831238
754.49115	128.454287915829
754.90845	128.453712228937
755.32568	128.453136636265
755.7428	128.452568674405
756.15979	128.452119051564
756.57672	128.451783274957
756.99347	128.451436854565
757.41022	128.451007957323
757.82678	128.45053504702
758.24329	128.450025711252
758.65967	128.449466591203
759.07593	128.449023773981
759.49213	128.448717750408
759.90814	128.448453904328
760.32416	128.448202519367
760.73999	128.447962114383
761.15576	128.447627016376
761.57141	128.447119618637
761.98694	128.446546565368
762.4024	128.445881016017
762.81775	128.445239698694
763.23297	128.444933795114
763.64813	128.444771654162
764.06317	128.444596294761
764.47809	128.444413015202
764.89288	128.444144602737
765.30762	128.443160898883
765.72223	128.440834612552
766.13672	128.438199562999
766.55115	128.434823112327
766.96545	128.431885270976
767.37964	128.430016918013
767.7937	128.428648001702
768.2077	128.428167612933
768.62158	128.427997828024
769.0354	128.427775142458
769.44904	128.427268627444
769.86261	128.426616792853
770.27606	128.426020489631
770.68945	128.425426009073
771.10272	128.424850477913
771.51587	128.424352864487
771.92889	128.423762734357
772.34186	128.42271177948
772.7547	128.421280996295
773.16742	128.420159912898
773.58008	128.419246824977
773.99261	128.418561161671
774.40503	128.418146036337
774.81732	128.417812368242
775.22955	128.417357156502
775.64166	128.416779226831
776.05365	128.416357085805
776.46558	128.416138329624
776.87738	128.415951145279
777.28906	128.4156922104
777.70068	128.415383508086
778.11218	128.415062252733
778.52356	128.41470781087
778.93481	128.414387841563
779.34601	128.414183445204
779.75708	128.414015443302
780.16803	128.413714662546
780.57892	128.413113696611
780.98969	128.412425297248
781.40033	128.411769660528
781.81085	128.411084630011
782.22131	128.410394307306
782.63165	128.409703020849
783.04187	128.408920863195
783.45203	128.407870816111
783.86206	128.406825449196
784.27197	128.406139590449
784.68182	128.405620425905
785.09149	128.405192176944
785.50116	128.404871174112
785.91064	128.404533383586
786.32007	128.403960909746
786.72937	128.403204551963
787.13855	128.402634016672
787.54761	128.402225251758
787.9566	128.401878755509
788.36548	128.401594389263
788.77429	128.40133419445
789.18298	128.400937590484
789.59155	128.400297662778
790	128.399723629091
790.40839	128.399326132268
790.81665	128.399014829483
791.22479	128.398842806506
791.63281	128.398751085083
792.04077	128.398604140227
792.44861	128.398115698073
792.85638	128.397422746933
793.26398	128.396823142863
793.67151	128.396238540623
794.07892	128.395667274852
794.48627	128.39512591348
794.89349	128.394575687526
795.3006	128.393972659165
795.70758	128.393328606178
796.1145	128.392659688035
796.5213	128.391941565866
796.92804	128.391246472415
797.33459	128.3905902438
797.74109	128.389988315376
798.14746	128.389664144595
798.55377	128.389514967971
798.95996	128.389363191573
799.36603	128.389102812038
799.77197	128.388768981622
800.17786	128.388420233115
800.58362	128.388038764855
800.98926	128.387670525545
801.39478	128.387353711277
801.80023	128.38705176003
802.20557	128.386726778607
802.61084	128.386387372774
803.01599	128.386000124603
803.42102	128.385520719821
803.82593	128.384976459277
804.23077	128.384419094869
804.63544	128.383836557237
805.0401	128.383210831766
805.44458	128.38247929293
805.849	128.38175140435
806.2533	128.381184357409
806.65747	128.380709953959
807.06158	128.380292829875
807.46558	128.379975160563
807.86945	128.37962863373
808.27325	128.378952407578
808.67694	128.377843137829
809.08051	128.376862090997
809.48395	128.376094072517
809.88733	128.375412487518
810.29059	128.374854335193
810.69373	128.374381231475
811.0968	128.373652260662
811.49976	128.3721164049
811.90259	128.370385965882
812.3053	128.369043452183
812.70795	128.36785389071
813.11047	128.367184459924
813.51294	128.366862944688
813.91522	128.366602937113
814.31744	128.366261251084
814.71954	128.365907653362
815.12158	128.365687033922
815.5235	128.36556384395
815.92529	128.36546320799
816.32697	128.36536637058
816.72858	128.365274487409
817.13007	128.365129628313
817.53143	128.364861488387
817.93274	128.364489833306
818.33392	128.36393140343
818.73499	128.363187898548
819.13593	128.362597695848
819.5368	128.362072419286
819.93756	128.361763856036
820.33826	128.361738127045
820.73877	128.36172893485
821.13922	128.36169193419
821.53955	128.361497958412
821.93982	128.361240017587
822.33997	128.361033950618
822.73999	128.360806554189
823.13989	128.360373455592
823.53973	128.359231713839
823.93945	128.357792240049
824.33905	128.356313015612
824.73859	128.354739102322
825.138	128.353610129829
825.53729	128.352818051693
825.93646	128.352168615649
826.33557	128.351610200286
826.73456	128.351125419225
827.13342	128.35062211337
827.53223	128.350124836795
827.93091	128.34955625786
828.32947	128.348726401728
828.72797	128.347708128894
829.12634	128.346929872449
829.5246	128.346316457148
829.92273	128.345878953278
830.3208	128.345660375011
830.71875	128.345515172363
831.11658	128.3453880677
831.51434	128.345297577171
831.91193	128.345173792512
832.30951	128.344656842261
832.70691	128.343474588912
833.10425	128.342206213117
833.50146	128.340688574989
833.89856	128.339357401542
834.29559	128.338729488209
834.6925	128.338337964454
835.08929	128.337772236492
835.48596	128.33677707404
835.88257	128.335558090602
836.27905	128.334242512842
836.67548	128.332772378934
837.07172	128.33163739834
837.4679	128.33088718464
837.86401	128.330243228914
838.25995	128.329539841141
838.65582	128.328822535041
839.05157	128.328182037119
839.44727	128.327681479373
839.84277	128.327183652519
840.23822	128.326484980048
840.63361	128.325557462762
841.02881	128.324654877115
841.42395	128.323728033794
841.81897	128.322953442098
842.21393	128.322694936584
842.60876	128.322605694195
843.00348	128.322486358027
843.39807	128.322162877005
843.7926	128.321696938379
844.18701	128.32126638798
844.5813	128.320831731402
844.97552	128.32046162733
845.36963	128.320215720295
845.76361	128.320009341721
846.15747	128.319737828496
846.55127	128.319381472125
846.94495	128.318969927088
847.3385	128.318471887367
847.73199	128.317912877423
848.12537	128.317482435708
848.51862	128.317218597735
848.91174	128.316897212315
849.30481	128.316076634793
849.69775	128.314600024265
850.09064	128.313159164266
850.48334	128.311704041698
850.87598	128.310452840577
851.26855	128.309758235137
851.66095	128.309293119784
852.05328	128.308837555875
852.4455	128.308317583182
852.83759	128.307831805374
853.22961	128.307467195852
853.62152	128.307185411059
854.01331	128.306885763692
854.40503	128.306471583514
854.79663	128.306057724784
855.18811	128.305825435086
855.57953	128.30569889496
855.97076	128.305560236326
856.362	128.305335110121
856.75305	128.305047369376
857.14404	128.304730565845
857.53485	128.304348844407
857.92566	128.303994225876
858.31628	128.303771524732
858.70685	128.30359775292
859.09729	128.303271851511
859.48767	128.30230641249
859.87787	128.301067378475
860.26801	128.299995499454
860.65808	128.298934307089
861.04797	128.298178480796
861.43781	128.297765860835
861.82751	128.297418574268
862.21716	128.296913109959
862.60669	128.296243012285
862.99609	128.295550837763
863.38538	128.294893771084
863.7746	128.29423860064
864.1637	128.293587600081
864.55267	128.292909076905
864.94153	128.292328440555
865.33032	128.291959032932
865.71899	128.291669198311
866.1076	128.291230269558
866.49603	128.29044344815
866.8844	128.28947810545
867.27271	128.288460163534
867.66083	128.287328068195
868.04889	128.286395476363
868.43683	128.285723801847
868.82471	128.285145996286
869.2124	128.284563565004
869.6001	128.283986719004
869.98761	128.283477510253
870.37506	128.28308072362
870.76233	128.2827253703
871.1496	128.282298438948
871.53668	128.281777235915
871.92371	128.281231449526
872.31061	128.280727730294
872.69745	128.280229451345
873.08411	128.27963122237
873.4707	128.278828851526
873.85718	128.277958728329
874.24359	128.277113464559
874.62988	128.27622637359
875.01605	128.275757480931
875.40216	128.275677688586
875.78809	128.275627173895
876.17395	128.275515930795
876.55975	128.275285222572
876.94537	128.274971789745
877.33093	128.274516909834
877.71637	128.27391691994
878.10175	128.273433274023
878.487	128.273131469958
878.87213	128.272788897779
879.25714	128.272040461089
879.64209	128.270653092718
880.02692	128.269211830899
880.41162	128.267673383213
880.79626	128.266293391488
881.18079	128.26575126899
881.56519	128.265517722437
881.94946	128.26534902986
882.33368	128.265200172653
882.71777	128.265075113356
883.10175	128.264911898657
883.48566	128.264686857239
883.86945	128.264409757418
884.25311	128.264079712455
884.63672	128.263671380185
885.02014	128.263182505729
885.4035	128.262536208649
885.7868	128.261786504305
886.16998	128.261071074428
886.55298	128.260338378434
886.93597	128.259715944686
887.31879	128.259293006609
887.70154	128.258958795881
888.08417	128.258656765341
888.46674	128.258368530293
888.84912	128.25811534294
889.23145	128.257920067155
889.61371	128.257770608525
889.99579	128.257594189352
890.37781	128.257347566228
890.75977	128.257030557906
891.14154	128.256611258806
891.52325	128.255964220323
891.90485	128.255288632411
892.28632	128.254803944415
892.66772	128.254401296655
893.04901	128.253856416625
893.43018	128.252924681035
893.81128	128.251735506849
894.19226	128.250494620673
894.57312	128.249097533273
894.95386	128.247773938062
895.33453	128.246675641778
895.71509	128.245688214932
896.09552	128.244777112279
896.47589	128.243818202778
896.85614	128.243073554253
897.23627	128.242797465781
897.61627	128.242664136572
897.99622	128.242527550362
898.37604	128.24234774523
898.7558	128.242140361332
899.13538	128.241866852079
899.51489	128.241453050123
899.89429	128.241021770576
900.27362	128.240686676806
900.65283	128.240392316529
901.03192	128.240135026122
901.41089	128.239946420722
901.78979	128.239758268293
902.16858	128.239413476849
902.54724	128.238712333557
902.92584	128.237920796347
903.30432	128.237284615175
903.68268	128.236678995994
904.06097	128.235930989296
904.43909	128.234862803382
904.81714	128.23364150325
905.19513	128.232461800854
905.57294	128.231201154729
905.95068	128.230269546243
906.32837	128.229848648403
906.70587	128.229566174602
907.08331	128.229295370345
907.46063	128.229002950705
907.83783	128.228749124334
908.21497	128.228581994965
908.59198	128.228467234061
908.96887	128.228349640638
909.3457	128.228206884308
909.72241	128.228045425835
910.099	128.227843233713
910.47552	128.227597194403
910.85187	128.227246260553
911.22815	128.22654804605
911.60437	128.225124276982
911.98041	128.223627144886
912.35638	128.222270834285
912.73224	128.220990016032
913.10803	128.220237366614
913.4837	128.219843179895
913.85925	128.219531745864
914.23468	128.219159564254
914.61005	128.218757070977
914.98529	128.218463228444
915.36041	128.218308631899
915.73547	128.218196906518
916.11041	128.218101067376
916.48523	128.218031057713
916.85992	128.217951768404
917.23456	128.217797440755
917.60907	128.217510152629
917.98352	128.217125251505
918.35779	128.216513424725
918.73199	128.215709751931
919.10608	128.215055185092
919.4801	128.214596860352
919.854	128.214127419658
920.22778	128.21347312233
920.60144	128.212612912266
920.97504	128.211535385567
921.34851	128.209894353069
921.72186	128.207865347104
922.09515	128.206373333832
922.46832	128.205233885309
922.84137	128.204432441381
923.21429	128.204176819261
923.58716	128.204083731305
923.9599	128.203964956403
924.33252	128.203624215984
924.70508	128.203056614741
925.07751	128.202479850335
925.44983	128.20184397655
925.82202	128.201257301139
926.19415	128.200907974294
926.56616	128.20065805637
926.93811	128.200497635332
927.30988	128.200422058297
927.68158	128.200373022968
928.05322	128.200329397897
928.42468	128.200296534894
928.79608	128.200259917673
929.16736	128.200146815959
929.53857	128.199724838854
929.90961	128.199157119954
930.28058	128.198543526085
930.65149	128.197810762721
931.02222	128.197209313302
931.39288	128.196824820749
931.76343	128.196496558853
932.13391	128.196089471332
932.50427	128.195571178767
932.87451	128.195035447585
933.24463	128.194559964714
933.61469	128.194115136221
933.98462	128.193682771238
934.35443	128.193285468855
934.72418	128.192891569332
935.09381	128.192384371409
935.46332	128.191606648337
935.8327	128.190787646387
936.20203	128.190200131085
936.57123	128.189728627057
936.94031	128.189344506505
937.30933	128.189066366822
937.67822	128.188846712568
938.047	128.188550571231
938.41565	128.188023066104
938.78424	128.187391405261
939.15271	128.186860033967
939.52112	128.186361410795
939.88934	128.185975044761
940.25751	128.185786190634
940.62555	128.18567422793
940.99353	128.185539821305
941.36139	128.185305875528
941.72913	128.185012679588
942.09674	128.184741242187
942.46429	128.184494108225
942.83173	128.184256804699
943.19904	128.184031830831
943.56628	128.183820302167
943.93341	128.183608294652
944.30042	128.1833902206
944.66736	128.183168248956
945.03412	128.182925203102
945.40082	128.182667346835
945.76746	128.182373392805
946.13391	128.181990269687
946.50031	128.181443072212
946.86664	128.180810217588
947.23279	128.180162483164
947.59888	128.17945943608
947.96484	128.178781774385
948.33075	128.178133630287
948.69647	128.177521458666
949.06213	128.177101932438
949.42773	128.176873370774
949.79315	128.176680729021
950.15851	128.176385155438
950.52374	128.175937298583
950.88892	128.17543952806
951.25391	128.174919831105
951.61884	128.174342089418
951.9837	128.174023175165
952.34839	128.173990032187
952.71301	128.173973240002
953.07758	128.173930863276
953.44196	128.173719233055
953.80627	128.173391530451
954.17047	128.173071145591
954.53455	128.172726530561
954.89856	128.172346279142
955.26245	128.17193158351
955.62622	128.171473804413
955.98993	128.170973755404
956.35352	128.170353131154
956.71698	128.16969316027
957.08038	128.169245766509
957.4436	128.168954075963
957.80676	128.168740674169
958.16986	128.16861445898
958.53278	128.168538589701
958.89563	128.168469379288
959.25842	128.168372267635
959.62103	128.16825785904
959.98358	128.168157233445
960.34601	128.168093020639
960.70831	128.168038329808
961.07056	128.167947892637
961.43268	128.167748720039
961.79468	128.167431395749
962.15662	128.166957462993
962.51843	128.166039146233
962.88013	128.165013425954
963.2417	128.164180559791
963.60321	128.163384967071
963.9646	128.162829782917
964.32587	128.162591315553
964.68707	128.162437082724
965.04816	128.162209630421
965.40912	128.161749960452
965.77002	128.161169001507
966.1308	128.160649295044
966.49146	128.160127170282
966.85199	128.159700154237
967.21246	128.159491705172
967.57281	128.159378533561
967.93304	128.159257286887
968.29321	128.159055159373
968.6532	128.158785812892
969.01318	128.158486867642
969.37299	128.158143785579
969.73273	128.157770445893
970.09235	128.1574335709
970.45184	128.157134439313
970.81128	128.15685436002
971.17059	128.156582748116
971.52979	128.156307453663
971.88885	128.156075200889
972.24786	128.155928246555
972.60675	128.155827544172
972.96558	128.155707545918
973.32422	128.155525237577
973.6828	128.155279502455
974.04126	128.154957625065
974.39966	128.15442735984
974.75793	128.153755996554
975.11609	128.153130013286
975.47412	128.152507747059
975.83209	128.151938638491
976.18994	128.151517392591
976.54773	128.151194694571
976.90533	128.15089507389
977.26288	128.150578549748
977.6203	128.150266254252
977.97766	128.149923464684
978.33484	128.149513413109
978.69202	128.149055426951
979.04901	128.148601457684
979.40594	128.14818415952
979.76276	128.147752619189
980.11945	128.147236799177
980.47601	128.146604741581
980.83252	128.145886170907
981.1889	128.145085542636
981.54523	128.144140601723
981.90137	128.143232206434
982.25751	128.142487344748
982.61346	128.141817523793
982.9693	128.141270114023
983.32507	128.140861487041
983.68079	128.140526366145
984.03632	128.140215439382
984.39178	128.139941180819
984.74713	128.139674585055
985.10236	128.139333140678
985.45752	128.138846193132
985.81256	128.138314194284
986.16748	128.137842545442
986.52234	128.13736522442
986.87701	128.137002369138
987.23169	128.136849631379
987.58618	128.136760820233
987.94061	128.136689894419
988.29492	128.136625672976
988.64911	128.136572100313
989.00323	128.136494480867
989.35718	128.136339917235
989.71112	128.136093914143
990.06488	128.135772411577
990.41858	128.135240144369
990.77216	128.134560361362
991.12561	128.133889651055
991.479	128.13314983463
991.83228	128.132472909693
992.18542	128.132022316352
992.53851	128.131678283267
992.89142	128.131420471548
993.24432	128.131257138278
993.59705	128.131150438583
993.94971	128.131020838127
994.30225	128.130780259407
994.65466	128.130435390473
995.00702	128.130078667866
995.35919	128.129727531712
995.71136	128.129370108154
996.06335	128.129049095251
996.41528	128.128793954419
996.76709	128.128542796745
997.11877	128.128210334763
997.4704	128.127749084195
997.8219	128.127205373962
998.17328	128.12661939989
998.5246	128.125948174429
998.87573	128.125256823899
999.22681	128.124577324754
999.57782	128.123866314524
999.92871	128.123313250519
