400.24814	129.707490208184
400.74606	129.706459756156
401.2439	129.7047397987
401.74161	129.701774136617
402.23923	129.698138977682
402.73676	129.693608373428
403.23416	129.690004762244
403.73148	129.687186883691
404.22867	129.68471876949
404.72577	129.682592194863
405.22278	129.679609693373
405.71967	129.675229549728
406.21643	129.670085655436
406.71313	129.663958764566
407.20972	129.657497947517
407.70618	129.650679511098
408.20255	129.644214327351
408.69882	129.638109109204
409.19498	129.632663608575
409.69104	129.627719068606
410.18698	129.624045429164
410.68283	129.621183564777
411.17859	129.619900342096
411.67422	129.619504373679
412.16977	129.618409491326
412.66519	129.613746600646
413.16052	129.607736214521
413.65573	129.600000017215
414.15088	129.593551699991
414.64587	129.588839252623
415.14078	129.584735400454
415.63559	129.580988265889
416.13031	129.577877425322
416.62491	129.575337156065
417.11938	129.57321193479
417.6138	129.571544952905
418.10806	129.5696220377
418.60226	129.566915749212
419.09634	129.564263851867
419.5903	129.562165882381
420.0842	129.559534020585
420.57794	129.555375951163
421.07162	129.550101550656
421.56516	129.542823926193
422.05862	129.536330630396
422.55197	129.531560194009
423.04523	129.528649860901
423.53836	129.527425266349
424.0314	129.526595562995
424.52432	129.525941474286
425.01715	129.525321635547
425.50989	129.524664150618
426.0025	129.52378014558
426.49503	129.52215957761
426.98743	129.519381151291
427.47974	129.512441348229
427.97195	129.502809370062
428.46405	129.493171562913
428.95605	129.485536604671
429.44794	129.482702754061
429.93973	129.481228817076
430.4314	129.480945980203
430.92297	129.480742897786
431.41446	129.478848566595
431.90582	129.474789928729
432.39709	129.470260552315
432.88824	129.465610938703
433.3793	129.463229466263
433.87027	129.461575733108
434.36111	129.459867733706
434.85187	129.458181751183
435.3425	129.45639603916
435.83304	129.454377815111
436.32349	129.451030331297
436.81381	129.44581993354
437.30405	129.439562701169
437.79416	129.431854553406
438.28418	129.423416838618
438.77408	129.414178420396
439.26389	129.405478620091
439.7536	129.397248511865
440.24319	129.392294703222
440.7327	129.389186478272
441.22208	129.386858988201
441.71136	129.385063020105
442.20056	129.383351037493
442.68964	129.381687648101
443.17862	129.380050064546
443.66748	129.378423623528
444.15625	129.376877231198
444.64493	129.375488832075
445.13348	129.373763644846
445.62192	129.371280636417
446.11029	129.368858715782
446.59851	129.36694105031
447.08667	129.364470885712
447.57471	129.360428918332
448.06262	129.355287538861
448.55048	129.34816041747
449.03818	129.341863464331
449.52582	129.337624905847
450.01334	129.33492171147
450.50073	129.333788573714
450.98807	129.332846822102
451.47525	129.331486570841
451.96237	129.329939693902
452.44934	129.32847442221
452.93625	129.326597053828
453.42303	129.322084182672
453.90973	129.315432721234
454.3963	129.308885236361
454.88278	129.303548817817
455.36914	129.303017016174
455.85541	129.302874680501
456.34158	129.301817475462
456.82764	129.298941860039
457.3136	129.295277946693
457.79944	129.290651116202
458.28519	129.287692341732
458.77084	129.285639073402
459.25638	129.28381916615
459.74179	129.282202614469
460.22714	129.280564788533
460.71237	129.278882066577
461.19748	129.277650833237
461.6825	129.276883766636
462.16742	129.275207664649
462.65222	129.270075849446
463.13693	129.264222060423
463.62152	129.257744125169
464.10602	129.25327552514
464.59042	129.250991584416
465.07471	129.249078126469
465.5589	129.247261442664
466.04297	129.245349204194
466.52695	129.243004029143
467.01083	129.240603578759
467.4946	129.238682213348
467.97824	129.236320510496
468.46182	129.230964268566
468.94528	129.224045377835
469.42862	129.217726583134
469.91187	129.212949602816
470.39502	129.212162635945
470.87805	129.211774608563
471.36099	129.210996460086
471.84381	129.209822931275
472.32654	129.208106182455
472.80917	129.205711333495
473.29169	129.203496955082
473.77411	129.201318928492
474.25641	129.198299637091
474.73862	129.194173914957
475.2207	129.190447960392
475.7027	129.187184703644
476.1846	129.183214437333
476.66638	129.178111243665
477.14807	129.172839392966
477.62967	129.166893025396
478.11115	129.163993852724
478.5925	129.163361686386
479.07376	129.162691887434
479.55493	129.161462475982
480.03601	129.160162396945
480.51697	129.159139670606
480.9978	129.157964565189
481.47855	129.156153765801
481.9592	129.153811804653
482.43973	129.150837235278
482.92017	129.147522144536
483.40051	129.144651722972
483.88074	129.141995549215
484.36084	129.139547855252
484.84088	129.137296124121
485.32077	129.135334450146
485.8006	129.133567856268
486.2803	129.131641498995
486.75989	129.129601374689
487.23941	129.12783270473
487.71878	129.126300485821
488.19809	129.124720915398
488.67728	129.123112947932
489.15634	129.121099444359
489.63531	129.118382831808
490.1142	129.11530798435
490.59296	129.111681598342
491.07162	129.108521592246
491.5502	129.106326458509
492.02866	129.104150522569
492.50699	129.101641461826
492.98526	129.098712993494
493.46338	129.094552619017
493.94144	129.090239196779
494.41937	129.08732930419
494.89719	129.084913694906
495.37494	129.082552340545
495.85254	129.080348619794
496.33008	129.078329750183
496.8075	129.0764989547
497.28479	129.07510554761
497.76199	129.07399684953
498.23911	129.072730958928
498.71609	129.071301047113
499.19299	129.06998366894
499.66977	129.068811793476
500.14645	129.067508680511
500.62305	129.065948356116
501.09952	129.064489961331
501.5759	129.063243510454
502.05219	129.06206003675
502.52832	129.061104568879
503.00439	129.059733150105
503.48035	129.054898581719
503.95621	129.048168201499
504.43195	129.042231914176
504.90759	129.037382707085
505.38315	129.035602794431
505.85858	129.034515095347
506.33389	129.033198479834
506.80914	129.031833236157
507.28424	129.03060015348
507.75928	129.029458330683
508.23419	129.028051424228
508.70901	129.026314049689
509.18372	129.024707689984
509.65833	129.023235200571
510.13281	129.021996109049
510.60721	129.02097096182
511.08148	129.020115756808
511.55569	129.019464751364
512.02979	129.018758127185
512.50372	129.017829245391
512.9776	129.016627406872
513.45135	129.01470130806
513.92505	129.01249546701
514.39862	129.010919297564
514.87207	129.009539786574
515.3454	129.008205770866
515.81866	129.006777443629
516.29181	129.003450178918
516.76483	128.997097481544
517.23779	128.991911810245
517.71063	128.987563958881
518.18335	128.984545114198
518.65594	128.982572336868
519.12848	128.980427184964
519.60089	128.977588179808
520.07324	128.975506005775
520.54541	128.974532051671
521.01752	128.973493114074
521.4895	128.971553348326
521.96143	128.969228208371
522.43323	128.967026528861
522.90491	128.964832951897
523.37646	128.962756020597
523.84796	128.960776204703
524.31934	128.958890889604
524.79059	128.957137024593
525.26178	128.955910812368
525.73285	128.955011781791
526.2038	128.954183608973
526.67462	128.953437809668
527.14539	128.952523635914
527.61603	128.951323910908
528.08655	128.949865444567
528.55701	128.948159778486
529.02734	128.945779906859
529.49756	128.941278516874
529.96771	128.935761950885
530.43774	128.930102483997
530.90765	128.925359889878
531.37744	128.92365772446
531.84717	128.922675528058
532.31677	128.922019408523
532.78625	128.921532429604
533.25568	128.920127366212
533.72491	128.916587867692
534.19415	128.912601870263
534.66321	128.907852845281
535.1322	128.904894863018
535.60107	128.903382947397
536.06982	128.902422440395
536.53851	128.90187278397
537.00708	128.901309744206
537.47552	128.90034498328
537.94385	128.899205380154
538.41211	128.898107312187
538.88025	128.897018093475
539.34833	128.895991649454
539.81622	128.895052707502
540.28406	128.894467408905
540.75183	128.894073400112
541.21942	128.893134019712
541.68695	128.890750578796
542.15436	128.887730654316
542.6217	128.883634493104
543.08887	128.879981095776
543.55597	128.877238301774
544.02301	128.874856741712
544.48987	128.872755717765
544.95667	128.87080859717
545.4234	128.868806135194
545.88995	128.866928440066
546.35645	128.86533807291
546.82281	128.864010525211
547.28906	128.863276277946
547.75525	128.862805823839
548.22131	128.862454167914
548.68726	128.862199049761
549.15314	128.861836114971
549.6189	128.861249262112
550.08453	128.860459080328
550.55005	128.859347150757
551.0155	128.857839130003
551.48083	128.855444784126
551.94604	128.852693892657
552.41119	128.850243319854
552.87622	128.848147545276
553.34113	128.847103931519
553.80591	128.846412946776
554.27063	128.845385397905
554.73523	128.844027540834
555.19977	128.842735471634
555.66412	128.84142410882
556.12842	128.840838856423
556.59259	128.840719858364
557.0567	128.840523777253
557.52069	128.839339888542
557.98456	128.837331974916
558.4483	128.834210684295
558.91199	128.830333727344
559.37555	128.826894780881
559.83899	128.823829955906
560.30237	128.82204180021
560.76563	128.820829416679
561.22876	128.820310283613
561.69183	128.820073975584
562.15472	128.819800462322
562.61755	128.819473709476
563.08032	128.81898584872
563.54291	128.818000777631
564.00543	128.816688693793
564.4679	128.814989229922
564.93018	128.813210215994
565.3924	128.811991464922
565.85449	128.810905170033
566.31653	128.809469666236
566.77838	128.807647286619
567.24017	128.804924834196
567.7019	128.80077909862
568.16345	128.797295421133
568.62494	128.794355758905
569.0863	128.792661459759
569.54761	128.791963970633
570.00873	128.79140035812
570.46985	128.790732140213
570.93079	128.790101384079
571.39166	128.789610223686
571.85236	128.789142112428
572.31305	128.788420497124
572.77356	128.787407758484
573.23401	128.786242909481
573.69434	128.784862696803
574.1546	128.783288912713
574.61469	128.781461841781
575.07471	128.77946452872
575.53467	128.777226597472
575.99445	128.775010008206
576.45416	128.773060036572
576.91376	128.771190325378
577.37329	128.769198925891
577.83264	128.767248531077
578.29193	128.765693150342
578.75116	128.764394647291
579.21021	128.763496446478
579.66919	128.762885529225
580.12811	128.762213336634
580.58685	128.761438442548
581.04553	128.760470653514
581.50409	128.759027777012
581.96252	128.757399590557
582.4209	128.755759089608
582.87915	128.754295811516
583.33728	128.753515401434
583.79535	128.752996870963
584.2533	128.752675875666
584.71112	128.752467547464
585.16882	128.752200400171
585.62646	128.75182389439
586.08398	128.751495169629
586.54144	128.751270069312
586.99872	128.751031393203
587.45593	128.750710742323
587.91302	128.750309606136
588.37006	128.749744379224
588.82697	128.749055137784
589.28375	128.748553042078
589.74042	128.748152994697
590.19702	128.7468360279
590.6535	128.741961678676
591.10986	128.736571841465
591.56616	128.730663891389
592.02234	128.726701099114
592.47839	128.725450397079
592.93433	128.724479488737
593.3902	128.722940466981
593.84595	128.721139895271
594.30157	128.719326196746
594.75714	128.717510049336
595.21259	128.716372863915
595.66791	128.715676422302
596.12311	128.714925270674
596.57825	128.714049196848
597.03326	128.713051376833
597.48822	128.71172799518
597.94299	128.710460569314
598.39771	128.709581927347
598.85236	128.708926449364
599.30682	128.708643166171
599.76123	128.708485780146
600.21552	128.70814540992
600.66974	128.707427087693
601.12378	128.706702931453
601.57776	128.705965557786
602.03168	128.70547696059
602.48541	128.705294988119
602.93909	128.705151986069
603.39264	128.704958912959
603.84613	128.704736396461
604.2995	128.704465521184
604.75275	128.704131730986
605.20587	128.703721290013
605.65894	128.703206130905
606.11188	128.702435392543
606.5647	128.701022600109
607.01746	128.6991000583
607.47003	128.69623544357
607.92261	128.693087081636
608.375	128.690585584458
608.82733	128.688544738863
609.27954	128.687661775909
609.73163	128.687186128985
610.18365	128.686737117331
610.63556	128.686325703135
611.08734	128.685812968124
611.539	128.685040245629
611.9906	128.684185989552
612.44208	128.683454974654
612.89343	128.682623775483
613.34473	128.681275015784
613.7959	128.679261533658
614.24695	128.676536900266
614.69794	128.672709864341
615.1488	128.669299297354
615.59955	128.666245482342
616.05017	128.664115948997
616.50073	128.662968662773
616.95117	128.662042472887
617.40149	128.661052819459
617.85175	128.660054925643
618.30188	128.658871214842
618.75189	128.657534766258
619.20178	128.656303656752
619.65161	128.655176858311
620.10132	128.654038430104
620.55096	128.652832201491
621.00043	128.651696365757
621.44983	128.650666832728
621.89911	128.649772210217
622.34833	128.649126821238
622.79742	128.648603938723
623.2464	128.6480410215
623.69525	128.647453343589
624.14404	128.646915205933
624.59271	128.646472897962
625.04126	128.645909937809
625.48975	128.644917127973
625.93811	128.643740595569
626.38635	128.642618318827
626.83447	128.641552337964
627.28253	128.640829092751
627.73047	128.640293374797
628.17828	128.639732787041
628.62604	128.639174262008
629.07367	128.638408137379
629.52118	128.637014200891
629.96863	128.635403966223
630.41595	128.633730070835
630.86316	128.63232410863
631.31024	128.632007422639
631.75726	128.631891036063
632.20416	128.631588092516
632.65094	128.630795525148
633.09766	128.629723956173
633.54425	128.628095056298
633.99072	128.626384164241
634.43707	128.624940233488
634.88336	128.6236839723
635.32953	128.622782141601
635.77557	128.622074351913
636.22156	128.621519857808
636.66742	128.62110591476
637.11316	128.620524156035
637.55884	128.619545649656
638.00433	128.618236215376
638.44983	128.616224596709
638.89514	128.613977363007
639.34039	128.612402549334
639.78552	128.611113361402
640.23053	128.610003843469
640.67542	128.609065581084
641.12024	128.607986881047
641.56494	128.606584727722
642.00958	128.605284952045
642.4541	128.604235314175
642.8985	128.603395834397
643.34277	128.602917496382
643.78699	128.602569729799
644.23108	128.601981566575
644.67505	128.601030392777
645.1189	128.599871252165
645.56268	128.598259698544
646.00635	128.596938612123
646.44995	128.596314961174
646.89337	128.595792210518
647.33673	128.594991462647
647.77997	128.593996382553
648.22314	128.592947324665
648.6662	128.591766994466
649.10913	128.591273921326
649.55194	128.591207181133
649.99469	128.591124286444
650.43732	128.590687501168
650.87988	128.589844286147
651.32227	128.588538269035
651.76459	128.586627670645
652.20679	128.58513270354
652.64893	128.583870008611
653.09094	128.583207250294
653.53284	128.582964248175
653.97461	128.582778729834
654.41632	128.582606129085
654.85791	128.582399314217
655.29938	128.581319829444
655.74072	128.578415621193
656.18201	128.575543100089
656.62317	128.572386011035
657.06427	128.570836928102
657.50525	128.570601646846
657.94611	128.570414790219
658.38684	128.570064145598
658.82745	128.569596319855
659.26801	128.569007189784
659.7085	128.568259190466
660.1488	128.567639485638
660.58905	128.567224562015
661.02917	128.566622333127
661.46918	128.56491177587
661.90912	128.562621831449
662.34894	128.560553312344
662.78864	128.558637871779
663.22827	128.557818852953
663.66779	128.557476111723
664.10718	128.556921633442
664.54645	128.555600728557
664.98566	128.554117807177
665.42474	128.552861271024
665.86371	128.551728168711
666.30261	128.550925433134
666.74139	128.550299076553
667.18005	128.549476360411
667.61859	128.548336168245
668.05707	128.547343301394
668.49542	128.546716661172
668.93365	128.546044007764
669.37183	128.544798023401
669.80988	128.543078646185
670.2478	128.541314243642
670.68567	128.539395759204
671.12341	128.538628859147
671.56104	128.53850954204
671.99854	128.538363763371
672.43597	128.537744937203
672.87329	128.536785080791
673.31049	128.535873045233
673.74762	128.534955023055
674.18463	128.534504673319
674.62152	128.53432596146
675.05829	128.534062848547
675.495	128.533413574826
675.93158	128.53236753668
676.36804	128.530444519825
676.80444	128.527635959308
677.24072	128.525244289653
677.67688	128.522994587469
678.11298	128.521997670469
678.54895	128.521738273368
678.9848	128.521526884005
679.42053	128.521224805624
679.8562	128.520914100157
680.29175	128.520658195235
680.72717	128.520433729135
681.16254	128.520166594572
681.59778	128.519856054221
682.0329	128.519427139083
682.4679	128.518654056921
682.90283	128.517642448882
683.33765	128.516567649937
683.77234	128.515391286402
684.20697	128.514333522152
684.64148	128.513372351676
685.07587	128.512463734582
685.51019	128.511583781286
685.94434	128.51077500363
686.37848	128.510103002338
686.81244	128.509481760218
687.24634	128.508717415339
687.68011	128.507809369446
688.11377	128.506947387216
688.5473	128.506106039433
688.98077	128.505430140759
689.41418	128.505055784033
689.84741	128.504730810839
690.28058	128.504111011062
690.71362	128.503086327423
691.14655	128.501840097207
691.57941	128.500177597448
692.01215	128.498559925003
692.44476	128.497235358357
692.87726	128.496052053755
693.30969	128.495028400917
693.742	128.494121384438
694.17426	128.493206001995
694.60632	128.492255554003
695.03833	128.491435176007
695.47028	128.490836978008
695.90204	128.490261251613
696.33374	128.489466254126
696.76532	128.488538381735
697.19684	128.48776779118
697.62817	128.487112766219
698.05945	128.486563147038
698.49066	128.486187555926
698.92169	128.485754467248
699.35266	128.484726916426
699.78351	128.483058181208
700.21429	128.48145281063
700.64496	128.479811648152
701.0755	128.478395525721
701.50592	128.47724522549
701.93628	128.476259911024
702.36652	128.475394301734
702.79663	128.47465043092
703.22668	128.474129816047
703.65656	128.473773332229
704.08643	128.473296767546
704.51611	128.472454079604
704.94574	128.471541518559
705.37524	128.470797465953
705.80463	128.470129706064
706.23395	128.469605802399
706.66315	128.469193110542
707.09222	128.468735598284
707.52118	128.468165694338
707.95007	128.467589821347
708.37885	128.467104633318
708.80756	128.466635804523
709.23608	128.466039135843
709.66455	128.465295257248
710.0929	128.464610126496
710.52118	128.463981997843
710.94934	128.463475032987
711.37738	128.463155525603
711.8053	128.46291206414
712.23315	128.462703619156
712.66089	128.46254225381
713.0885	128.462222776284
713.51605	128.4609316442
713.94348	128.459147626282
714.37079	128.457331192661
714.79803	128.455445157472
715.2251	128.454166743407
715.6521	128.453244241799
716.07904	128.452458741283
716.5058	128.451709881521
716.9325	128.451129240576
717.35913	128.450793780749
717.78558	128.450552608068
718.21198	128.450346618888
718.63824	128.450184207861
719.06445	128.449959809801
719.49048	128.449525642178
719.91644	128.449001319793
720.34235	128.448485374212
720.76807	128.447982890883
721.19373	128.447731174285
721.61926	128.447628304561
722.04474	128.447443927798
722.47003	128.446374497516
722.89526	128.444738465026
723.32043	128.443182693314
723.74542	128.441563207801
724.17035	128.440460547453
724.59521	128.439744134541
725.0199	128.43906916254
725.44452	128.438278508736
725.86902	128.437535709132
726.29346	128.436996439059
726.71771	128.436566633063
727.14191	128.436142144872
727.56604	128.435710984349
727.98999	128.435309124295
728.41388	128.434949638651
728.83765	128.434617739132
729.26135	128.434310853115
729.68488	128.434028212667
730.10834	128.433717434235
730.53174	128.433383582594
730.95496	128.43297444469
731.37811	128.432338365819
731.80121	128.431540290803
732.22412	128.430844726901
732.64697	128.430186465014
733.0697	128.429770608186
733.49231	128.429581704486
733.91486	128.429418584862
734.33728	128.429196212386
734.75958	128.428913017888
735.18182	128.428378338239
735.60394	128.427154253372
736.02594	128.42578955934
736.44781	128.424522565034
736.86963	128.42324761763
737.29132	128.422027188572
737.71295	128.420844309849
738.1344	128.419739077896
738.55579	128.418644073227
738.97705	128.417781709988
739.39825	128.417265797067
739.81934	128.416865695
740.2403	128.416424979696
740.66113	128.415963004604
741.08191	128.415607224118
741.50256	128.415373307696
741.9231	128.415159384689
742.34357	128.414920771886
742.76385	128.414655904531
743.18414	128.414232807897
743.60425	128.413479466665
744.02429	128.412657200316
744.44421	128.411769695629
744.86401	128.41098836775
745.28375	128.410634479244
745.70337	128.410423960463
746.12286	128.410231545132
746.54224	128.410058644985
746.96155	128.409870343002
747.38074	128.409622446132
747.79987	128.409319395768
748.21881	128.408935793052
748.6377	128.408427399934
749.05652	128.408016264053
749.47516	128.40774452831
749.89374	128.407524828955
750.31219	128.407355355449
750.73059	128.407215031246
751.1488	128.406931067805
751.56696	128.406170272031
751.98505	128.405032774248
752.40295	128.403139043158
752.8208	128.40056063451
753.23853	128.398064733877
753.65619	128.395450177278
754.07373	128.393648283666
754.49115	128.392573340298
754.90845	128.3918126
755.32568	128.391301021015
755.7428	128.390922336411
756.15979	128.390547447939
756.57672	128.390172687522
756.99347	128.389823157014
757.41022	128.389495791491
757.82678	128.389196652597
758.24329	128.388965340635
758.65967	128.388793613596
759.07593	128.388491999932
759.49213	128.387539691454
759.90814	128.386220187092
760.32416	128.38483422332
760.73999	128.383341421617
761.15576	128.382433205444
761.57141	128.381885293883
761.98694	128.381495402173
762.4024	128.381225468251
762.81775	128.38100750246
763.23297	128.380747472184
763.64813	128.380457713025
764.06317	128.380161876134
764.47809	128.379891684142
764.89288	128.379576976865
765.30762	128.379086427697
765.72223	128.378385108183
766.13672	128.377583501353
766.55115	128.376546330786
766.96545	128.375684191245
767.37964	128.375259256256
767.7937	128.374943524415
768.2077	128.374558723123
768.62158	128.374130535117
769.0354	128.373570434109
769.44904	128.372585942107
769.86261	128.371470704079
770.27606	128.370718031603
770.68945	128.370133348253
771.10272	128.369520344273
771.51587	128.368858108203
771.92889	128.368162110968
772.34186	128.367305296053
772.7547	128.366422706238
773.16742	128.366054046054
773.58008	128.365913779661
773.99261	128.365810635769
774.40503	128.365727678714
774.81732	128.365645903805
775.22955	128.365446899546
775.64166	128.36498795218
776.05365	128.364463278213
776.46558	128.363861938756
776.87738	128.363276439427
777.28906	128.362895454417
777.70068	128.362609909902
778.11218	128.362269146736
778.52356	128.361832311566
778.93481	128.361354292452
779.34601	128.36086262328
779.75708	128.360346135118
780.16803	128.359826573002
780.57892	128.359321851221
780.98969	128.358737409265
781.40033	128.357928763826
781.81085	128.356997456309
782.22131	128.356164088326
782.63165	128.355377469399
783.04187	128.354716215079
783.45203	128.354203165856
783.86206	128.353755193406
784.27197	128.353297963116
784.68182	128.352848659098
785.09149	128.352528462425
785.50116	128.352352757506
785.91064	128.352166782947
786.32007	128.351817689916
786.72937	128.351241676228
787.13855	128.35031743378
787.54761	128.348311000295
787.9566	128.34615296724
788.36548	128.344467278635
788.77429	128.34301340427
789.18298	128.342238715713
789.59155	128.34181916647
790	128.341442162978
790.40839	128.340924663008
790.81665	128.340471900859
791.22479	128.340348220381
791.63281	128.340313315061
792.04077	128.340266701928
792.44861	128.340179839769
792.85638	128.340043932934
793.26398	128.33977195405
793.67151	128.339244376199
794.07892	128.338719163465
794.48627	128.338203230893
794.89349	128.337761165529
795.3006	128.337501705973
795.70758	128.337315872726
796.1145	128.337162994722
796.5213	128.337015143729
796.92804	128.336919755136
797.33459	128.336898835656
797.74109	128.336888709441
798.14746	128.336858751409
798.55377	128.336746194273
798.95996	128.336598192494
799.36603	128.336459394717
799.77197	128.336297125081
800.17786	128.336080241553
800.58362	128.335782123138
800.98926	128.335321388783
801.39478	128.334156908802
801.80023	128.332336712313
802.20557	128.33056863148
802.61084	128.328645826463
803.01599	128.327235295812
803.42102	128.326423249077
803.82593	128.3258569588
804.23077	128.325566672574
804.63544	128.325412536503
805.0401	128.325196572989
805.44458	128.324730914731
805.849	128.324089370692
806.2533	128.323369289907
806.65747	128.322507068182
807.06158	128.321724347362
807.46558	128.321065301237
807.86945	128.320473756148
808.27325	128.319921754826
808.67694	128.319404291598
809.08051	128.31908604202
809.48395	128.318924889933
809.88733	128.318800713045
810.29059	128.318674019976
810.69373	128.318555521118
811.0968	128.318382678378
811.49976	128.31806328447
811.90259	128.317681367029
812.3053	128.317315270878
812.70795	128.316941977369
813.11047	128.316648600421
813.51294	128.316418269323
813.91522	128.316237851817
814.31744	128.316128978275
814.71954	128.316050887653
815.12158	128.315810227172
815.5235	128.314476069391
815.92529	128.312697576638
816.32697	128.310987528793
816.72858	128.309256142343
817.13007	128.308555586052
817.53143	128.308388734969
817.93274	128.308220626501
818.33392	128.307762504272
818.73499	128.307028646293
819.13593	128.306346876438
819.5368	128.305640045045
819.93756	128.305143143565
820.33826	128.304997891062
820.73877	128.304915208749
821.13922	128.304813264529
821.53955	128.304695045988
821.93982	128.304550115289
822.33997	128.304334775812
822.73999	128.304051606734
823.13989	128.303771856954
823.53973	128.303492524298
823.93945	128.303214703387
824.33905	128.302960700587
824.73859	128.302710839519
825.138	128.30239317265
825.53729	128.301957129595
825.93646	128.301490958951
826.33557	128.301035832084
826.73456	128.300589910879
827.13342	128.300274527173
827.53223	128.30005149087
827.93091	128.299877832738
828.32947	128.299755951791
828.72797	128.299659150924
829.12634	128.299488607733
829.5246	128.299118458129
829.92273	128.298581868948
830.3208	128.297773569687
830.71875	128.29662991244
831.11658	128.295595166902
831.51434	128.294664326195
831.91193	128.293840227833
832.30951	128.293215953919
832.70691	128.292698860795
833.10425	128.292070523312
833.50146	128.291215726139
833.89856	128.290338832412
834.29559	128.289625093269
834.6925	128.288988424835
835.08929	128.288355441982
835.48596	128.287725407451
835.88257	128.287088495003
836.27905	128.286396257111
836.67548	128.285663916715
837.07172	128.28504531698
837.4679	128.284604820953
837.86401	128.284164229725
838.25995	128.283512808463
838.65582	128.28263403925
839.05157	128.281699201002
839.44727	128.280660401654
839.84277	128.27965780203
840.23822	128.278926871658
840.63361	128.278337040577
841.02881	128.277888416381
841.42395	128.277576907298
841.81897	128.277315974942
842.21393	128.277034306323
842.60876	128.276761491935
843.00348	128.276378808325
843.39807	128.275527035272
843.7926	128.274360955673
844.18701	128.273378610428
844.5813	128.272407845502
844.97552	128.271865162069
845.36963	128.271806438286
845.76361	128.271775402899
846.15747	128.271724897052
846.55127	128.271652666891
846.94495	128.271547974005
847.3385	128.271327288206
847.73199	128.270979618178
848.12537	128.270678879513
848.51862	128.270428863525
848.91174	128.270194559788
849.30481	128.269993171239
849.69775	128.269808987797
850.09064	128.269491967925
850.48334	128.268642477266
850.87598	128.267560624045
851.26855	128.266617944252
851.66095	128.26568533601
852.05328	128.265048386733
852.4455	128.264737765898
852.83759	128.264466495238
853.22961	128.263984750354
853.62152	128.263218202899
854.01331	128.262263439894
854.40503	128.260888392666
854.79663	128.259329397704
855.18811	128.258199258815
855.57953	128.257293689142
855.97076	128.256641723681
856.362	128.256273037055
856.75305	128.25600145982
857.14404	128.255659933598
857.53485	128.255201470032
857.92566	128.254799895753
858.31628	128.254593790483
858.70685	128.254452066355
859.09729	128.25414552685
859.48767	128.252960276402
859.87787	128.251381442802
860.26801	128.250003347415
860.65808	128.248612333143
861.04797	128.247754712918
861.43781	128.24743348744
861.82751	128.247166783716
862.21716	128.246537206096
862.60669	128.245236895882
862.99609	128.243779462947
863.38538	128.24225732821
863.7746	128.240735920288
864.1637	128.23971128391
864.55267	128.2389379106
864.94153	128.238444349706
865.33032	128.238264270835
865.71899	128.238159058535
866.1076	128.237960849689
866.49603	128.237469949542
866.8844	128.236856738866
867.27271	128.236257116558
867.66083	128.235617925832
868.04889	128.235288918667
868.43683	128.235206717842
868.82471	128.235152022211
869.2124	128.235077060744
869.6001	128.234989349766
869.98761	128.234905268861
870.37506	128.234842474197
870.76233	128.234779565582
871.1496	128.234650808298
871.53668	128.23431166313
871.92371	128.233912507072
872.31061	128.233560254822
872.69745	128.233215806893
873.08411	128.233015730269
873.4707	128.232926931184
873.85718	128.232856277522
874.24359	128.232755646727
874.62988	128.232633862672
875.01605	128.232528614089
875.40216	128.232464115896
875.78809	128.232402393863
876.17395	128.232275838561
876.55975	128.231982567627
876.94537	128.23157384013
877.33093	128.230992714871
877.71637	128.23020518637
878.10175	128.229466776507
878.487	128.228738205312
878.87213	128.228118983278
879.25714	128.22775616818
879.64209	128.227510015504
880.02692	128.22726127118
880.41162	128.22701718806
880.79626	128.226732150362
881.18079	128.22617536321
881.56519	128.224927348591
881.94946	128.223535710127
882.33368	128.222319359611
882.71777	128.221147279821
883.10175	128.220322670382
883.48566	128.219780104864
883.86945	128.219335291232
884.25311	128.218876760373
884.63672	128.218426398105
885.02014	128.218116956678
885.4035	128.21796604656
885.7868	128.217849379269
886.16998	128.217676565666
886.55298	128.217438435323
886.93597	128.217129694112
887.31879	128.216691667507
887.70154	128.216091592392
888.08417	128.215420537118
888.46674	128.21458248464
888.84912	128.213753616067
889.23145	128.213160305325
889.61371	128.212673767191
889.99579	128.212332930733
890.37781	128.212138838972
890.75977	128.211993767666
891.14154	128.211825411334
891.52325	128.211636742329
891.90485	128.211435009951
892.28632	128.211219743785
892.66772	128.21098850619
893.04901	128.210725958751
893.43018	128.210396172206
893.81128	128.210044239763
894.19226	128.209752346314
894.57312	128.20952054288
894.95386	128.209238041026
895.33453	128.208804004
895.71509	128.208185550417
896.09552	128.207337735582
896.47589	128.205851019323
896.85614	128.204119330247
897.23627	128.202655421148
897.61627	128.201269588417
897.99622	128.200162201998
898.37604	128.199391641137
898.7558	128.198770919077
899.13538	128.198201554438
899.51489	128.197660828358
899.89429	128.197198995655
900.27362	128.196867529812
900.65283	128.19661582214
901.03192	128.196292085399
901.41089	128.195794959215
901.78979	128.195141156413
902.16858	128.194321949091
902.54724	128.193180697872
902.92584	128.191981803982
903.30432	128.190891680044
903.68268	128.18983783031
904.06097	128.189041533389
904.43909	128.188508471535
904.81714	128.188060887176
905.19513	128.187588690317
905.57294	128.187135229288
905.95068	128.186602692718
906.32837	128.185834347904
906.70587	128.184863324136
907.08331	128.183910436631
907.46063	128.182909650119
907.83783	128.182018688013
908.21497	128.181461539404
908.59198	128.181047342741
908.96887	128.180776923373
909.3457	128.180640599832
909.72241	128.180547540715
910.099	128.180439329668
910.47552	128.180321930497
910.85187	128.180178434412
911.22815	128.179945815625
911.60437	128.17956797287
911.98041	128.17917674233
912.35638	128.178849805204
912.73224	128.178530395163
913.10803	128.178176416235
913.4837	128.177770920601
913.85925	128.177346741121
914.23468	128.176912865599
914.61005	128.1764503079
914.98529	128.176106356376
915.36041	128.175931811867
915.73547	128.175803746082
916.11041	128.175641701321
916.48523	128.175427603465
916.85992	128.175197071169
917.23456	128.174977551878
917.60907	128.174761004672
917.98352	128.174540394393
918.35779	128.174310078031
918.73199	128.174075324673
919.10608	128.173849437029
919.4801	128.173650045348
919.854	128.173431640893
920.22778	128.173128696608
920.60144	128.172718690721
920.97504	128.172264925257
921.34851	128.171737554822
921.72186	128.171181187821
922.09515	128.170817991972
922.46832	128.170588882701
922.84137	128.170425199421
923.21429	128.170331176935
923.58716	128.170281794771
923.9599	128.170206741599
924.33252	128.169832374129
924.70508	128.16905711225
925.07751	128.16825043645
925.44983	128.167432060328
925.82202	128.166547426959
926.19415	128.165619098989
926.56616	128.164616165912
926.93811	128.163640740726
927.30988	128.162674831545
927.68158	128.161741301379
928.05322	128.161230616711
928.42468	128.161075417795
928.79608	128.16095325771
929.16736	128.160562481839
929.53857	128.159267834116
929.90961	128.157649841973
930.28058	128.156098940303
930.65149	128.154426583165
931.02222	128.15332265753
931.39288	128.152831599875
931.76343	128.152479288779
932.13391	128.152068975003
932.50427	128.151593326751
932.87451	128.151133412931
933.24463	128.150746040746
933.61469	128.150406817588
933.98462	128.150061175864
934.35443	128.149679943996
934.72418	128.149283989944
935.09381	128.148886534055
935.46332	128.148445192813
935.8327	128.148054588426
936.20203	128.147827537767
936.57123	128.147679554856
936.94031	128.147553485146
937.30933	128.147419842766
937.67822	128.147293762397
938.047	128.147193555391
938.41565	128.147116743886
938.78424	128.147053649822
939.15271	128.147002178011
939.52112	128.146959236491
939.88934	128.14692289303
940.25751	128.146893376348
940.62555	128.146869715875
940.99353	128.146840780608
941.36139	128.146804179926
941.72913	128.146752956809
942.09674	128.146653616111
942.46429	128.146276870233
942.83173	128.145731941209
943.19904	128.145188357375
943.56628	128.144543967748
943.93341	128.144048976946
944.30042	128.143850588933
944.66736	128.143728700038
945.03412	128.143580983326
945.40082	128.143371847517
945.76746	128.143121050134
946.13391	128.142834880799
946.50031	128.142513833558
946.86664	128.142105186521
947.23279	128.141481528475
947.59888	128.140514465642
947.96484	128.139497725634
948.33075	128.138479913001
948.69647	128.137472226834
949.06213	128.136919756002
949.42773	128.136726301347
949.79315	128.13658078435
950.15851	128.136318528409
950.52374	128.135858866378
950.88892	128.135355222857
951.25391	128.134927342741
951.61884	128.134519233777
951.9837	128.13417724624
952.34839	128.133935924392
952.71301	128.133733976099
953.07758	128.133481790961
953.44196	128.133103873337
953.80627	128.132715798043
954.17047	128.132450308975
954.53455	128.132226619614
954.89856	128.132096123667
955.26245	128.132088406104
955.62622	128.132088406104
955.98993	128.132088406104
956.35352	128.132017488601
956.71698	128.131834392453
957.08038	128.131586759477
957.4436	128.131097562346
957.80676	128.130482149278
958.16986	128.129954381898
958.53278	128.12941593012
958.89563	128.129038186482
959.25842	128.128945417578
959.62103	128.128911420199
959.98358	128.128851526351
960.34601	128.12822083115
960.70831	128.126896640099
961.07056	128.125587286169
961.43268	128.124158640731
961.79468	128.122862105223
962.15662	128.12226443233
962.51843	128.121985417826
962.88013	128.121760128637
963.2417	128.12148187406
963.60321	128.121191437781
963.9646	128.120900171746
964.32587	128.120601671771
964.68707	128.120302675797
965.04816	128.120038297207
965.40912	128.119805864154
965.77002	128.119599950837
966.1308	128.119436095429
966.49146	128.119331354695
966.85199	128.119205053678
967.21246	128.118849763779
967.57281	128.117944695749
967.93304	128.116894096953
968.29321	128.115898718671
968.6532	128.114850089594
969.01318	128.114118298613
969.37299	128.113747575269
969.73273	128.113474982288
970.09235	128.113171797985
970.45184	128.112750849373
970.81128	128.112410481346
971.17059	128.112351223877
971.52979	128.112351223877
971.88885	128.112351223877
972.24786	128.112351223877
972.60675	128.112351223877
972.96558	128.112351223877
973.32422	128.112351223877
973.6828	128.112351223877
974.04126	128.112349061862
974.39966	128.112189416969
974.75793	128.111916857579
975.11609	128.11171876747
975.47412	128.11158501187
975.83209	128.111463720196
976.18994	128.111341201921
976.54773	128.111232073508
976.90533	128.11109033492
977.26288	128.110810535237
977.6203	128.110330259282
977.97766	128.109830126
978.33484	128.109349639676
978.69202	128.108875108016
979.04901	128.108574465412
979.40594	128.108421377071
979.76276	128.108309378922
980.11945	128.108200798593
980.47601	128.108109573527
980.83252	128.108008861862
981.1889	128.107841516756
981.54523	128.107556581242
981.90137	128.107253076629
982.25751	128.106985392352
982.61346	128.106715415996
982.9693	128.106565248643
983.32507	128.106547871832
983.68079	128.106539964253
984.03632	128.106522142251
984.39178	128.106383262201
984.74713	128.106108401596
985.10236	128.10575129102
985.45752	128.105112386936
985.81256	128.104356433434
986.16748	128.103750653307
986.52234	128.103231243551
986.87701	128.102752719896
987.23169	128.102315273591
987.58618	128.101923732019
987.94061	128.101506666522
988.29492	128.100992366156
988.64911	128.100410600147
989.00323	128.099858874682
989.35718	128.099415361508
989.71112	128.09899076472
990.06488	128.098430347229
990.41858	128.097541352119
990.77216	128.09648927512
991.12561	128.095528150203
991.479	128.094551703649
991.83228	128.093721473869
992.18542	128.093250522907
992.53851	128.092954256636
992.89142	128.092702743855
993.24432	128.0924307623
993.59705	128.092169160019
993.94971	128.091896335815
994.30225	128.09159378831
994.65466	128.091270577721
995.00702	128.090938314738
995.35919	128.090583395196
995.71136	128.090223116864
996.06335	128.089913349336
996.41528	128.089702861274
996.76709	128.089487775942
997.11877	128.08908526726
997.4704	128.088079782723
997.8219	128.086736430037
998.17328	128.085378547516
998.5246	128.083770135465
998.87573	128.082365891943
999.22681	128.081532749778
999.57782	128.080888603744
999.92871	128.080499539575
