# wavelength_nm	n	k
# Interpolated from Woollam data to StellarNet BlackComet grid (400-1000 nm)
400.248140	2.043372	0.000000
400.746060	2.043333	0.000000
401.243900	2.043294	-0.000000
401.741610	2.043255	-0.000000
402.239230	2.043216	0.000000
402.736760	2.043178	0.000000
403.234160	2.043140	-0.000000
403.731480	2.043102	-0.000000
404.228670	2.043065	0.000000
404.725770	2.043027	0.000000
405.222780	2.042989	-0.000000
405.719670	2.042952	-0.000000
406.216430	2.042915	0.000000
406.713130	2.042877	0.000000
407.209720	2.042840	-0.000000
407.706180	2.042804	-0.000000
408.202550	2.042767	0.000000
408.698820	2.042731	0.000000
409.194980	2.042695	-0.000000
409.691040	2.042658	-0.000000
410.186980	2.042622	0.000000
410.682830	2.042587	0.000000
411.178590	2.042551	-0.000000
411.674220	2.042515	-0.000000
412.169770	2.042480	0.000000
412.665190	2.042445	0.000000
413.160520	2.042410	-0.000000
413.655730	2.042374	-0.000000
414.150880	2.042339	0.000000
414.645870	2.042305	0.000000
415.140780	2.042270	-0.000000
415.635590	2.042236	-0.000000
416.130310	2.042202	0.000000
416.624910	2.042168	0.000000
417.119380	2.042134	-0.000000
417.613800	2.042100	-0.000000
418.108060	2.042066	0.000000
418.602260	2.042032	0.000000
419.096340	2.041999	-0.000000
419.590300	2.041966	-0.000000
420.084200	2.041932	0.000000
420.577940	2.041899	0.000000
421.071620	2.041865	-0.000000
421.565160	2.041833	-0.000000
422.058620	2.041800	0.000000
422.551970	2.041768	0.000000
423.045230	2.041735	-0.000000
423.538360	2.041702	-0.000000
424.031400	2.041670	0.000000
424.524320	2.041638	0.000000
425.017150	2.041607	-0.000000
425.509890	2.041575	-0.000000
426.002500	2.041543	0.000000
426.495030	2.041511	0.000000
426.987430	2.041480	0.000000
427.479740	2.041448	-0.000000
427.971950	2.041417	-0.000000
428.464050	2.041386	0.000000
428.956050	2.041355	0.000000
429.447940	2.041324	-0.000000
429.939730	2.041293	-0.000000
430.431400	2.041262	0.000000
430.922970	2.041232	0.000000
431.414460	2.041201	-0.000000
431.905820	2.041171	-0.000000
432.397090	2.041141	0.000000
432.888240	2.041111	0.000000
433.379300	2.041081	-0.000000
433.870270	2.041051	-0.000000
434.361110	2.041021	0.000000
434.851870	2.040991	0.000000
435.342500	2.040961	-0.000000
435.833040	2.040932	-0.000000
436.323490	2.040903	0.000000
436.813810	2.040874	0.000000
437.304050	2.040845	-0.000000
437.794160	2.040815	-0.000000
438.284180	2.040786	0.000000
438.774080	2.040758	0.000000
439.263890	2.040730	-0.000000
439.753600	2.040701	-0.000000
440.243190	2.040672	0.000000
440.732700	2.040643	0.000000
441.222080	2.040615	-0.000000
441.711360	2.040587	-0.000000
442.200560	2.040559	0.000000
442.689640	2.040531	0.000000
443.178620	2.040503	-0.000000
443.667480	2.040475	-0.000000
444.156250	2.040447	0.000000
444.644930	2.040420	0.000000
445.133480	2.040393	-0.000000
445.621920	2.040365	-0.000000
446.110290	2.040338	0.000000
446.598510	2.040311	0.000000
447.086670	2.040284	-0.000000
447.574710	2.040257	-0.000000
448.062620	2.040230	0.000000
448.550480	2.040203	0.000000
449.038180	2.040176	-0.000000
449.525820	2.040150	-0.000000
450.013340	2.040123	0.000000
450.500730	2.040097	0.000000
450.988070	2.040071	0.000000
451.475250	2.040044	-0.000000
451.962370	2.040018	-0.000000
452.449340	2.039992	0.000000
452.936250	2.039965	0.000000
453.423030	2.039939	-0.000000
453.909730	2.039914	-0.000000
454.396300	2.039888	0.000000
454.882780	2.039863	0.000000
455.369140	2.039837	-0.000000
455.855410	2.039812	-0.000000
456.341580	2.039786	0.000000
456.827640	2.039761	0.000000
457.313600	2.039736	-0.000000
457.799440	2.039711	-0.000000
458.285190	2.039686	0.000000
458.770840	2.039662	0.000000
459.256380	2.039637	-0.000000
459.741790	2.039612	-0.000000
460.227140	2.039587	0.000000
460.712370	2.039563	0.000000
461.197480	2.039538	-0.000000
461.682500	2.039513	-0.000000
462.167420	2.039489	0.000000
462.652220	2.039465	0.000000
463.136930	2.039441	-0.000000
463.621520	2.039417	-0.000000
464.106020	2.039393	0.000000
464.590420	2.039369	0.000000
465.074710	2.039345	-0.000000
465.558900	2.039322	-0.000000
466.042970	2.039298	0.000000
466.526950	2.039274	0.000000
467.010830	2.039250	-0.000000
467.494600	2.039227	-0.000000
467.978240	2.039203	-0.000000
468.461820	2.039180	0.000000
468.945280	2.039158	0.000000
469.428620	2.039134	-0.000000
469.911870	2.039111	-0.000000
470.395020	2.039088	0.000000
470.878050	2.039066	0.000000
471.360990	2.039043	-0.000000
471.843810	2.039019	-0.000000
472.326540	2.038996	0.000000
472.809170	2.038974	0.000000
473.291690	2.038952	-0.000000
473.774110	2.038929	-0.000000
474.256410	2.038907	0.000000
474.738620	2.038885	0.000000
475.220700	2.038863	-0.000000
475.702700	2.038841	-0.000000
476.184600	2.038818	0.000000
476.666380	2.038796	0.000000
477.148070	2.038774	-0.000000
477.629670	2.038753	-0.000000
478.111150	2.038731	0.000000
478.592500	2.038709	0.000000
479.073760	2.038688	-0.000000
479.554930	2.038666	-0.000000
480.036010	2.038644	0.000000
480.516970	2.038623	0.000000
480.997800	2.038601	0.000000
481.478550	2.038580	-0.000000
481.959200	2.038559	-0.000000
482.439730	2.038538	0.000000
482.920170	2.038517	0.000000
483.400510	2.038495	-0.000000
483.880740	2.038474	-0.000000
484.360840	2.038453	0.000000
484.840880	2.038433	0.000000
485.320770	2.038412	-0.000000
485.800600	2.038392	-0.000000
486.280300	2.038371	0.000000
486.759890	2.038350	0.000000
487.239410	2.038330	-0.000000
487.718780	2.038309	-0.000000
488.198090	2.038289	0.000000
488.677280	2.038269	0.000000
489.156340	2.038248	-0.000000
489.635310	2.038228	-0.000000
490.114200	2.038208	0.000000
490.592960	2.038188	0.000000
491.071620	2.038168	-0.000000
491.550200	2.038148	-0.000000
492.028660	2.038128	0.000000
492.506990	2.038108	0.000000
492.985260	2.038089	0.000000
493.463380	2.038068	-0.000000
493.941440	2.038048	-0.000000
494.419370	2.038029	0.000000
494.897190	2.038010	0.000000
495.374940	2.037991	-0.000000
495.852540	2.037971	-0.000000
496.330080	2.037951	0.000000
496.807500	2.037932	0.000000
497.284790	2.037913	-0.000000
497.761990	2.037894	-0.000000
498.239110	2.037874	0.000000
498.716090	2.037855	0.000000
499.192990	2.037836	-0.000000
499.669770	2.037818	-0.000000
500.146450	2.037799	0.000000
500.623050	2.037780	0.000000
501.099520	2.037761	-0.000000
501.575900	2.037742	-0.000000
502.052190	2.037724	0.000000
502.528320	2.037705	0.000000
503.004390	2.037687	-0.000000
503.480350	2.037668	-0.000000
503.956210	2.037650	-0.000000
504.431950	2.037632	0.000000
504.907590	2.037614	0.000000
505.383150	2.037595	-0.000000
505.858580	2.037576	-0.000000
506.333890	2.037558	0.000000
506.809140	2.037540	0.000000
507.284240	2.037522	-0.000000
507.759280	2.037504	-0.000000
508.234190	2.037486	0.000000
508.709010	2.037468	0.000000
509.183720	2.037450	-0.000000
509.658330	2.037433	-0.000000
510.132810	2.037415	0.000000
510.607210	2.037398	0.000000
511.081480	2.037380	-0.000000
511.555690	2.037362	-0.000000
512.029790	2.037345	0.000000
512.503720	2.037327	0.000000
512.977600	2.037310	0.000000
513.451350	2.037292	-0.000000
513.925050	2.037275	-0.000000
514.398620	2.037258	0.000000
514.872070	2.037241	0.000000
515.345400	2.037223	-0.000000
515.818660	2.037206	-0.000000
516.291810	2.037188	0.000000
516.764830	2.037171	0.000000
517.237790	2.037155	-0.000000
517.710630	2.037138	-0.000000
518.183350	2.037121	0.000000
518.655940	2.037104	0.000000
519.128480	2.037087	-0.000000
519.600890	2.037071	-0.000000
520.073240	2.037054	0.000000
520.545410	2.037037	0.000000
521.017520	2.037020	-0.000000
521.489500	2.037004	-0.000000
521.961430	2.036988	-0.000000
522.433230	2.036972	0.000000
522.904910	2.036955	0.000000
523.376460	2.036939	-0.000000
523.847960	2.036922	-0.000000
524.319340	2.036906	0.000000
524.790590	2.036889	0.000000
525.261780	2.036873	-0.000000
525.732850	2.036857	-0.000000
526.203800	2.036841	0.000000
526.674620	2.036825	0.000000
527.145390	2.036809	-0.000000
527.616030	2.036793	-0.000000
528.086550	2.036777	0.000000
528.557010	2.036761	0.000000
529.027340	2.036745	-0.000000
529.497560	2.036729	-0.000000
529.967710	2.036714	-0.000000
530.437740	2.036699	0.000000
530.907650	2.036683	0.000000
531.377440	2.036667	-0.000000
531.847170	2.036651	-0.000000
532.316770	2.036635	0.000000
532.786250	2.036620	0.000000
533.255680	2.036605	-0.000000
533.724910	2.036590	-0.000000
534.194150	2.036575	0.000000
534.663210	2.036559	0.000000
535.132200	2.036544	-0.000000
535.601070	2.036528	-0.000000
536.069820	2.036513	0.000000
536.538510	2.036498	0.000000
537.007080	2.036483	-0.000000
537.475520	2.036468	-0.000000
537.943850	2.036453	-0.000000
538.412110	2.036438	0.000000
538.880250	2.036423	0.000000
539.348330	2.036408	-0.000000
539.816220	2.036393	-0.000000
540.284060	2.036378	0.000000
540.751830	2.036364	0.000000
541.219420	2.036349	-0.000000
541.686950	2.036334	-0.000000
542.154360	2.036319	0.000000
542.621700	2.036305	0.000000
543.088870	2.036290	-0.000000
543.555970	2.036276	-0.000000
544.023010	2.036261	0.000000
544.489870	2.036247	0.000000
544.956670	2.036232	0.000000
545.423400	2.036218	-0.000000
545.889950	2.036203	-0.000000
546.356450	2.036189	0.000000
546.822810	2.036174	0.000000
547.289060	2.036160	-0.000000
547.755250	2.036146	-0.000000
548.221310	2.036132	0.000000
548.687260	2.036118	0.000000
549.153140	2.036103	-0.000000
549.618900	2.036089	-0.000000
550.084530	2.036075	0.000000
550.550050	2.036062	0.000000
551.015500	2.036048	-0.000000
551.480830	2.036033	-0.000000
551.946040	2.036020	-0.000000
552.411190	2.036006	0.000000
552.876220	2.035993	0.000000
553.341130	2.035979	-0.000000
553.805910	2.035965	-0.000000
554.270630	2.035951	0.000000
554.735230	2.035938	0.000000
555.199770	2.035924	-0.000000
555.664120	2.035910	-0.000000
556.128420	2.035896	0.000000
556.592590	2.035883	0.000000
557.056700	2.035869	-0.000000
557.520690	2.035856	-0.000000
557.984560	2.035842	-0.000000
558.448300	2.035829	0.000000
558.911990	2.035816	0.000000
559.375550	2.035802	-0.000000
559.838990	2.035789	-0.000000
560.302370	2.035775	0.000000
560.765630	2.035762	0.000000
561.228760	2.035750	-0.000000
561.691830	2.035737	-0.000000
562.154720	2.035724	0.000000
562.617550	2.035710	0.000000
563.080320	2.035697	-0.000000
563.542910	2.035684	-0.000000
564.005430	2.035671	0.000000
564.467900	2.035658	0.000000
564.930180	2.035645	0.000000
565.392400	2.035632	-0.000000
565.854490	2.035619	-0.000000
566.316530	2.035606	0.000000
566.778380	2.035593	0.000000
567.240170	2.035580	-0.000000
567.701900	2.035568	-0.000000
568.163450	2.035555	0.000000
568.624940	2.035542	0.000000
569.086300	2.035530	-0.000000
569.547610	2.035517	-0.000000
570.008730	2.035505	0.000000
570.469850	2.035492	0.000000
570.930790	2.035480	0.000000
571.391660	2.035467	-0.000000
571.852360	2.035455	-0.000000
572.313050	2.035443	0.000000
572.773560	2.035430	0.000000
573.234010	2.035418	-0.000000
573.694340	2.035405	-0.000000
574.154600	2.035393	0.000000
574.614690	2.035380	0.000000
575.074710	2.035368	-0.000000
575.534670	2.035355	-0.000000
575.994450	2.035343	-0.000000
576.454160	2.035331	0.000000
576.913760	2.035319	0.000000
577.373290	2.035307	-0.000000
577.832640	2.035295	-0.000000
578.291930	2.035283	0.000000
578.751160	2.035271	0.000000
579.210210	2.035259	-0.000000
579.669190	2.035247	-0.000000
580.128110	2.035236	0.000000
580.586850	2.035224	0.000000
581.045530	2.035212	-0.000000
581.504090	2.035200	-0.000000
581.962520	2.035188	-0.000000
582.420900	2.035176	0.000000
582.879150	2.035164	0.000000
583.337280	2.035152	-0.000000
583.795350	2.035140	-0.000000
584.253300	2.035129	0.000000
584.711120	2.035117	0.000000
585.168820	2.035106	-0.000000
585.626460	2.035094	-0.000000
586.083980	2.035082	0.000000
586.541440	2.035070	0.000000
586.998720	2.035059	0.000000
587.455930	2.035048	-0.000000
587.913020	2.035036	-0.000000
588.370060	2.035025	0.000000
588.826970	2.035013	0.000000
589.283750	2.035002	-0.000000
589.740420	2.034991	-0.000000
590.197020	2.034979	0.000000
590.653500	2.034968	0.000000
591.109860	2.034956	-0.000000
591.566160	2.034945	-0.000000
592.022340	2.034934	0.000000
592.478390	2.034923	0.000000
592.934330	2.034912	0.000000
593.390200	2.034900	-0.000000
593.845950	2.034889	-0.000000
594.301570	2.034878	0.000000
594.757140	2.034867	0.000000
595.212590	2.034856	-0.000000
595.667910	2.034845	-0.000000
596.123110	2.034834	0.000000
596.578250	2.034823	0.000000
597.033260	2.034812	-0.000000
597.488220	2.034801	-0.000000
597.942990	2.034790	-0.000000
598.397710	2.034779	0.000000
598.852360	2.034769	0.000000
599.306820	2.034758	-0.000000
599.761230	2.034747	-0.000000
600.215520	2.034736	0.000000
600.669740	2.034725	0.000000
601.123780	2.034714	-0.000000
601.577760	2.034703	-0.000000
602.031680	2.034692	0.000000
602.485410	2.034682	0.000000
602.939090	2.034671	0.000000
603.392640	2.034661	-0.000000
603.846130	2.034651	-0.000000
604.299500	2.034640	0.000000
604.752750	2.034629	0.000000
605.205870	2.034618	-0.000000
605.658940	2.034608	-0.000000
606.111880	2.034597	0.000000
606.564700	2.034587	0.000000
607.017460	2.034577	-0.000000
607.470030	2.034566	-0.000000
607.922610	2.034556	-0.000000
608.375000	2.034545	0.000000
608.827330	2.034535	0.000000
609.279540	2.034525	-0.000000
609.731630	2.034514	-0.000000
610.183650	2.034504	0.000000
610.635560	2.034494	0.000000
611.087340	2.034484	-0.000000
611.539000	2.034474	-0.000000
611.990600	2.034463	-0.000000
612.442080	2.034453	0.000000
612.893430	2.034443	0.000000
613.344730	2.034433	-0.000000
613.795900	2.034423	-0.000000
614.246950	2.034412	0.000000
614.697940	2.034403	0.000000
615.148800	2.034393	-0.000000
615.599550	2.034383	-0.000000
616.050170	2.034373	0.000000
616.500730	2.034363	0.000000
616.951170	2.034353	0.000000
617.401490	2.034343	-0.000000
617.851750	2.034332	-0.000000
618.301880	2.034322	0.000000
618.751890	2.034312	0.000000
619.201780	2.034303	-0.000000
619.651610	2.034293	-0.000000
620.101320	2.034284	0.000000
620.550960	2.034274	0.000000
621.000430	2.034264	-0.000000
621.449830	2.034254	-0.000000
621.899110	2.034244	-0.000000
622.348330	2.034234	0.000000
622.797420	2.034224	0.000000
623.246400	2.034215	-0.000000
623.695250	2.034205	-0.000000
624.144040	2.034196	0.000000
624.592710	2.034187	0.000000
625.041260	2.034177	-0.000000
625.489750	2.034167	-0.000000
625.938110	2.034157	-0.000000
626.386350	2.034148	0.000000
626.834470	2.034138	0.000000
627.282530	2.034129	-0.000000
627.730470	2.034120	-0.000000
628.178280	2.034110	0.000000
628.626040	2.034101	0.000000
629.073670	2.034091	-0.000000
629.521180	2.034082	-0.000000
629.968630	2.034073	-0.000000
630.415950	2.034063	0.000000
630.863160	2.034053	0.000000
631.310240	2.034044	-0.000000
631.757260	2.034035	-0.000000
632.204160	2.034026	0.000000
632.650940	2.034016	0.000000
633.097660	2.034007	-0.000000
633.544250	2.033997	-0.000000
633.990720	2.033988	-0.000000
634.437070	2.033979	0.000000
634.883360	2.033970	0.000000
635.329530	2.033961	-0.000000
635.775570	2.033952	-0.000000
636.221560	2.033942	0.000000
636.667420	2.033934	0.000000
637.113160	2.033925	-0.000000
637.558840	2.033916	-0.000000
638.004330	2.033907	0.000000
638.449830	2.033898	0.000000
638.895140	2.033888	0.000000
639.340390	2.033879	-0.000000
639.785520	2.033870	-0.000000
640.230530	2.033861	0.000000
640.675420	2.033853	0.000000
641.120240	2.033844	-0.000000
641.564940	2.033835	-0.000000
642.009580	2.033826	0.000000
642.454100	2.033817	0.000000
642.898500	2.033808	0.000000
643.342770	2.033799	-0.000000
643.786990	2.033790	-0.000000
644.231080	2.033782	0.000000
644.675050	2.033773	0.000000
645.118900	2.033765	-0.000000
645.562680	2.033756	-0.000000
646.006350	2.033747	0.000000
646.449950	2.033738	0.000000
646.893370	2.033729	0.000000
647.336730	2.033721	-0.000000
647.779970	2.033712	-0.000000
648.223140	2.033704	0.000000
648.666200	2.033695	0.000000
649.109130	2.033686	-0.000000
649.551940	2.033678	-0.000000
649.994690	2.033669	-0.000000
650.437320	2.033660	0.000000
650.879880	2.033651	0.000000
651.322270	2.033643	-0.000000
651.764590	2.033634	-0.000000
652.206790	2.033626	0.000000
652.648930	2.033618	0.000000
653.090940	2.033609	-0.000000
653.532840	2.033601	-0.000000
653.974610	2.033592	-0.000000
654.416320	2.033584	0.000000
654.857910	2.033576	0.000000
655.299380	2.033567	-0.000000
655.740720	2.033559	-0.000000
656.182010	2.033551	0.000000
656.623170	2.033542	0.000000
657.064270	2.033534	-0.000000
657.505250	2.033525	-0.000000
657.946110	2.033517	-0.000000
658.386840	2.033509	0.000000
658.827450	2.033500	0.000000
659.268010	2.033492	-0.000000
659.708500	2.033483	-0.000000
660.148800	2.033475	0.000000
660.589050	2.033467	0.000000
661.029170	2.033459	-0.000000
661.469180	2.033451	-0.000000
661.909120	2.033443	-0.000000
662.348940	2.033435	0.000000
662.788640	2.033427	0.000000
663.228270	2.033419	-0.000000
663.667790	2.033411	-0.000000
664.107180	2.033403	0.000000
664.546450	2.033395	0.000000
664.985660	2.033386	0.000000
665.424740	2.033378	-0.000000
665.863710	2.033370	-0.000000
666.302610	2.033363	0.000000
666.741390	2.033355	0.000000
667.180050	2.033347	-0.000000
667.618590	2.033338	-0.000000
668.057070	2.033330	0.000000
668.495420	2.033322	0.000000
668.933650	2.033314	0.000000
669.371830	2.033306	-0.000000
669.809880	2.033298	-0.000000
670.247800	2.033290	0.000000
670.685670	2.033283	0.000000
671.123410	2.033275	-0.000000
671.561040	2.033267	-0.000000
671.998540	2.033260	-0.000000
672.435970	2.033252	0.000000
672.873290	2.033244	0.000000
673.310490	2.033236	-0.000000
673.747620	2.033229	-0.000000
674.184630	2.033221	0.000000
674.621520	2.033213	0.000000
675.058290	2.033205	-0.000000
675.495000	2.033198	-0.000000
675.931580	2.033190	-0.000000
676.368040	2.033182	0.000000
676.804440	2.033174	0.000000
677.240720	2.033167	-0.000000
677.676880	2.033159	-0.000000
678.112980	2.033152	0.000000
678.548950	2.033144	0.000000
678.984800	2.033136	0.000000
679.420530	2.033128	-0.000000
679.856200	2.033121	-0.000000
680.291750	2.033113	0.000000
680.727170	2.033106	0.000000
681.162540	2.033098	-0.000000
681.597780	2.033091	-0.000000
682.032900	2.033083	0.000000
682.467900	2.033076	0.000000
682.902830	2.033069	0.000000
683.337650	2.033061	-0.000000
683.772340	2.033054	-0.000000
684.206970	2.033046	0.000000
684.641480	2.033038	0.000000
685.075870	2.033031	-0.000000
685.510190	2.033023	-0.000000
685.944340	2.033016	-0.000000
686.378480	2.033009	0.000000
686.812440	2.033001	0.000000
687.246340	2.032994	-0.000000
687.680110	2.032986	-0.000000
688.113770	2.032979	0.000000
688.547300	2.032972	0.000000
688.980770	2.032964	0.000000
689.414180	2.032957	-0.000000
689.847410	2.032950	-0.000000
690.280580	2.032943	0.000000
690.713620	2.032936	0.000000
691.146550	2.032928	-0.000000
691.579410	2.032921	-0.000000
692.012150	2.032914	0.000000
692.444760	2.032906	0.000000
692.877260	2.032899	0.000000
693.309690	2.032892	-0.000000
693.742000	2.032885	-0.000000
694.174260	2.032878	0.000000
694.606320	2.032871	0.000000
695.038330	2.032863	-0.000000
695.470280	2.032856	-0.000000
695.902040	2.032850	-0.000000
696.333740	2.032842	0.000000
696.765320	2.032835	0.000000
697.196840	2.032828	-0.000000
697.628170	2.032821	-0.000000
698.059450	2.032814	0.000000
698.490660	2.032807	0.000000
698.921690	2.032800	0.000000
699.352660	2.032793	-0.000000
699.783510	2.032786	-0.000000
700.214290	2.032778	0.000000
700.644960	2.032772	0.000000
701.075500	2.032765	-0.000000
701.505920	2.032758	-0.000000
701.936280	2.032751	-0.000000
702.366520	2.032744	0.000000
702.796630	2.032737	0.000000
703.226680	2.032730	-0.000000
703.656560	2.032723	-0.000000
704.086430	2.032717	0.000000
704.516110	2.032710	0.000000
704.945740	2.032703	0.000000
705.375240	2.032696	-0.000000
705.804630	2.032689	-0.000000
706.233950	2.032682	0.000000
706.663150	2.032675	0.000000
707.092220	2.032669	-0.000000
707.521180	2.032662	-0.000000
707.950070	2.032655	-0.000000
708.378850	2.032648	0.000000
708.807560	2.032641	0.000000
709.236080	2.032634	-0.000000
709.664550	2.032628	-0.000000
710.092900	2.032622	0.000000
710.521180	2.032615	0.000000
710.949340	2.032608	0.000000
711.377380	2.032601	-0.000000
711.805300	2.032594	-0.000000
712.233150	2.032587	0.000000
712.660890	2.032580	0.000000
713.088500	2.032574	-0.000000
713.516050	2.032567	-0.000000
713.943480	2.032561	-0.000000
714.370790	2.032554	0.000000
714.798030	2.032547	0.000000
715.225100	2.032541	-0.000000
715.652100	2.032534	-0.000000
716.079040	2.032528	0.000000
716.505800	2.032521	0.000000
716.932500	2.032514	0.000000
717.359130	2.032507	-0.000000
717.785580	2.032501	-0.000000
718.211980	2.032495	0.000000
718.638240	2.032489	0.000000
719.064450	2.032482	-0.000000
719.490480	2.032475	-0.000000
719.916440	2.032468	-0.000000
720.342350	2.032462	0.000000
720.768070	2.032455	0.000000
721.193730	2.032449	-0.000000
721.619260	2.032443	-0.000000
722.044740	2.032436	0.000000
722.470030	2.032430	0.000000
722.895260	2.032424	0.000000
723.320430	2.032417	-0.000000
723.745420	2.032411	-0.000000
724.170350	2.032404	0.000000
724.595210	2.032398	0.000000
725.019900	2.032392	-0.000000
725.444520	2.032385	-0.000000
725.869020	2.032379	-0.000000
726.293460	2.032373	0.000000
726.717710	2.032366	0.000000
727.141910	2.032360	-0.000000
727.566040	2.032354	-0.000000
727.989990	2.032347	-0.000000
728.413880	2.032341	0.000000
728.837650	2.032334	0.000000
729.261350	2.032328	-0.000000
729.684880	2.032322	-0.000000
730.108340	2.032315	0.000000
730.531740	2.032309	0.000000
730.954960	2.032303	0.000000
731.378110	2.032296	-0.000000
731.801210	2.032290	-0.000000
732.224120	2.032284	0.000000
732.646970	2.032278	0.000000
733.069700	2.032272	-0.000000
733.492310	2.032266	-0.000000
733.914860	2.032259	-0.000000
734.337280	2.032253	0.000000
734.759580	2.032247	0.000000
735.181820	2.032241	-0.000000
735.603940	2.032235	-0.000000
736.025940	2.032229	0.000000
736.447810	2.032222	0.000000
736.869630	2.032216	0.000000
737.291320	2.032210	-0.000000
737.712950	2.032204	-0.000000
738.134400	2.032198	0.000000
738.555790	2.032192	0.000000
738.977050	2.032186	0.000000
739.398250	2.032180	-0.000000
739.819340	2.032174	-0.000000
740.240300	2.032168	0.000000
740.661130	2.032162	0.000000
741.081910	2.032156	-0.000000
741.502560	2.032149	-0.000000
741.923100	2.032143	-0.000000
742.343570	2.032137	0.000000
742.763850	2.032131	0.000000
743.184140	2.032125	-0.000000
743.604250	2.032120	-0.000000
744.024290	2.032114	0.000000
744.444210	2.032107	0.000000
744.864010	2.032101	0.000000
745.283750	2.032095	-0.000000
745.703370	2.032089	-0.000000
746.122860	2.032083	0.000000
746.542240	2.032077	0.000000
746.961550	2.032072	0.000000
747.380740	2.032066	-0.000000
747.799870	2.032060	-0.000000
748.218810	2.032054	0.000000
748.637700	2.032048	0.000000
749.056520	2.032042	-0.000000
749.475160	2.032036	-0.000000
749.893740	2.032030	-0.000000
750.312190	2.032025	0.000000
750.730590	2.032019	0.000001
751.148800	2.032013	0.000001
751.566960	2.032007	0.000001
751.985050	2.032001	0.000001
752.402950	2.031995	0.000001
752.820800	2.031990	0.000001
753.238530	2.031984	0.000001
753.656190	2.031978	0.000001
754.073730	2.031972	0.000001
754.491150	2.031967	0.000001
754.908450	2.031961	0.000001
755.325680	2.031956	0.000001
755.742800	2.031950	0.000001
756.159790	2.031944	0.000001
756.576720	2.031938	0.000001
756.993470	2.031932	0.000001
757.410220	2.031927	0.000001
757.826780	2.031921	0.000001
758.243290	2.031916	0.000001
758.659670	2.031910	0.000001
759.075930	2.031904	0.000001
759.492130	2.031898	0.000001
759.908140	2.031892	0.000001
760.324160	2.031887	0.000001
760.739990	2.031881	0.000001
761.155760	2.031876	0.000001
761.571410	2.031870	0.000001
761.986940	2.031864	0.000001
762.402400	2.031858	0.000001
762.817750	2.031852	0.000001
763.232970	2.031847	0.000001
763.648130	2.031842	0.000001
764.063170	2.031836	0.000001
764.478090	2.031830	0.000001
764.892880	2.031824	0.000001
765.307620	2.031819	0.000001
765.722230	2.031814	0.000001
766.136720	2.031808	0.000001
766.551150	2.031802	0.000001
766.965450	2.031796	0.000001
767.379640	2.031791	0.000001
767.793700	2.031786	0.000001
768.207700	2.031780	0.000001
768.621580	2.031775	0.000001
769.035400	2.031770	0.000001
769.449040	2.031764	0.000001
769.862610	2.031759	0.000001
770.276060	2.031753	0.000001
770.689450	2.031747	0.000001
771.102720	2.031742	0.000001
771.515870	2.031736	0.000001
771.928890	2.031731	0.000001
772.341860	2.031726	0.000001
772.754700	2.031720	0.000001
773.167420	2.031715	0.000001
773.580080	2.031709	0.000001
773.992610	2.031704	0.000001
774.405030	2.031699	0.000001
774.817320	2.031693	0.000001
775.229550	2.031688	0.000001
775.641660	2.031682	0.000001
776.053650	2.031676	0.000001
776.465580	2.031671	0.000001
776.877380	2.031667	0.000001
777.289060	2.031661	0.000001
777.700680	2.031655	0.000001
778.112180	2.031650	0.000001
778.523560	2.031645	0.000001
778.934810	2.031640	0.000001
779.346010	2.031635	0.000001
779.757080	2.031629	0.000001
780.168030	2.031624	0.000001
780.578920	2.031618	0.000001
780.989690	2.031612	0.000001
781.400330	2.031607	0.000001
781.810850	2.031602	0.000001
782.221310	2.031597	0.000001
782.631650	2.031592	0.000001
783.041870	2.031586	0.000001
783.452030	2.031581	0.000001
783.862060	2.031576	0.000001
784.271970	2.031570	0.000001
784.681820	2.031565	0.000001
785.091490	2.031560	0.000001
785.501160	2.031554	0.000001
785.910640	2.031549	0.000001
786.320070	2.031544	0.000001
786.729370	2.031539	0.000001
787.138550	2.031534	0.000001
787.547610	2.031529	0.000001
787.956600	2.031524	0.000001
788.365480	2.031518	0.000001
788.774290	2.031513	0.000001
789.182980	2.031508	0.000001
789.591550	2.031503	0.000001
790.000000	2.031498	0.000001
790.408390	2.031493	0.000001
790.816650	2.031487	0.000001
791.224790	2.031482	0.000001
791.632810	2.031477	0.000001
792.040770	2.031472	0.000001
792.448610	2.031467	0.000001
792.856380	2.031462	0.000001
793.263980	2.031457	0.000001
793.671510	2.031451	0.000001
794.078920	2.031446	0.000001
794.486270	2.031441	0.000001
794.893490	2.031436	0.000001
795.300600	2.031431	0.000001
795.707580	2.031426	0.000001
796.114500	2.031421	0.000001
796.521300	2.031416	0.000001
796.928040	2.031411	0.000001
797.334590	2.031406	0.000001
797.741090	2.031400	0.000001
798.147460	2.031395	0.000001
798.553770	2.031390	0.000001
798.959960	2.031385	0.000001
799.366030	2.031381	0.000001
799.771970	2.031376	0.000001
800.177860	2.031371	0.000001
800.583620	2.031365	0.000001
800.989260	2.031360	0.000001
801.394780	2.031355	0.000001
801.800230	2.031350	0.000001
802.205570	2.031346	0.000001
802.610840	2.031341	0.000001
803.015990	2.031336	0.000001
803.421020	2.031331	0.000001
803.825930	2.031325	0.000001
804.230770	2.031320	0.000001
804.635440	2.031315	0.000001
805.040100	2.031311	0.000001
805.444580	2.031306	0.000001
805.849000	2.031301	0.000001
806.253300	2.031296	0.000001
806.657470	2.031291	0.000001
807.061580	2.031286	0.000001
807.465580	2.031281	0.000001
807.869450	2.031277	0.000001
808.273250	2.031272	0.000001
808.676940	2.031267	0.000001
809.080510	2.031262	0.000001
809.483950	2.031257	0.000001
809.887330	2.031252	0.000001
810.290590	2.031247	0.000001
810.693730	2.031243	0.000001
811.096800	2.031238	0.000001
811.499760	2.031233	0.000001
811.902590	2.031228	0.000001
812.305300	2.031223	0.000001
812.707950	2.031218	0.000001
813.110470	2.031213	0.000001
813.512940	2.031208	0.000001
813.915220	2.031204	0.000001
814.317440	2.031199	0.000001
814.719540	2.031194	0.000001
815.121580	2.031190	0.000001
815.523500	2.031185	0.000001
815.925290	2.031180	0.000001
816.326970	2.031175	0.000001
816.728580	2.031170	0.000001
817.130070	2.031165	0.000001
817.531430	2.031161	0.000001
817.932740	2.031156	0.000001
818.333920	2.031151	0.000001
818.734990	2.031146	0.000001
819.135930	2.031141	0.000001
819.536800	2.031136	0.000001
819.937560	2.031132	0.000001
820.338260	2.031127	0.000001
820.738770	2.031123	0.000001
821.139220	2.031118	0.000001
821.539550	2.031114	0.000001
821.939820	2.031109	0.000001
822.339970	2.031104	0.000001
822.739990	2.031099	0.000001
823.139890	2.031094	0.000001
823.539730	2.031089	0.000001
823.939450	2.031085	0.000001
824.339050	2.031080	0.000001
824.738590	2.031076	0.000001
825.138000	2.031071	0.000001
825.537290	2.031067	0.000001
825.936460	2.031062	0.000001
826.335570	2.031057	0.000001
826.734560	2.031052	0.000001
827.133420	2.031048	0.000001
827.532230	2.031043	0.000001
827.930910	2.031039	0.000001
828.329470	2.031034	0.000001
828.727970	2.031029	0.000001
829.126340	2.031024	0.000001
829.524600	2.031020	0.000001
829.922730	2.031015	0.000001
830.320800	2.031010	0.000001
830.718750	2.031006	0.000001
831.116580	2.031002	0.000001
831.514340	2.030997	0.000001
831.911930	2.030992	0.000001
832.309510	2.030988	0.000001
832.706910	2.030983	0.000001
833.104250	2.030979	0.000001
833.501460	2.030974	0.000001
833.898560	2.030969	0.000001
834.295590	2.030965	0.000001
834.692500	2.030960	0.000001
835.089290	2.030956	0.000001
835.485960	2.030952	0.000001
835.882570	2.030947	0.000001
836.279050	2.030943	0.000001
836.675480	2.030938	0.000001
837.071720	2.030933	0.000001
837.467900	2.030929	0.000001
837.864010	2.030925	0.000001
838.259950	2.030920	0.000001
838.655820	2.030915	0.000001
839.051570	2.030910	0.000001
839.447270	2.030906	0.000001
839.842770	2.030902	0.000001
840.238220	2.030897	0.000001
840.633610	2.030893	0.000001
841.028810	2.030889	0.000001
841.423950	2.030884	0.000001
841.818970	2.030879	0.000001
842.213930	2.030875	0.000001
842.608760	2.030870	0.000001
843.003480	2.030866	0.000001
843.398070	2.030862	0.000001
843.792600	2.030857	0.000001
844.187010	2.030853	0.000001
844.581300	2.030849	0.000001
844.975520	2.030844	0.000001
845.369630	2.030840	0.000001
845.763610	2.030836	0.000001
846.157470	2.030831	0.000001
846.551270	2.030826	0.000001
846.944950	2.030822	0.000001
847.338500	2.030817	0.000001
847.731990	2.030813	0.000001
848.125370	2.030809	0.000001
848.518620	2.030804	0.000001
848.911740	2.030800	0.000001
849.304810	2.030796	0.000001
849.697750	2.030791	0.000001
850.090640	2.030787	0.000001
850.483340	2.030783	0.000001
850.875980	2.030778	0.000001
851.268550	2.030774	0.000001
851.660950	2.030770	0.000001
852.053280	2.030765	0.000001
852.445500	2.030761	0.000001
852.837590	2.030756	0.000001
853.229610	2.030751	0.000001
853.621520	2.030747	0.000001
854.013310	2.030743	0.000001
854.405030	2.030739	0.000001
854.796630	2.030734	0.000001
855.188110	2.030730	0.000001
855.579530	2.030726	0.000001
855.970760	2.030721	0.000001
856.362000	2.030717	0.000001
856.753050	2.030713	0.000001
857.144040	2.030708	0.000001
857.534850	2.030704	0.000001
857.925660	2.030700	0.000001
858.316280	2.030696	0.000001
858.706850	2.030692	0.000001
859.097290	2.030688	0.000001
859.487670	2.030684	0.000001
859.877870	2.030679	0.000001
860.268010	2.030675	0.000001
860.658080	2.030671	0.000001
861.047970	2.030666	0.000001
861.437810	2.030662	0.000001
861.827510	2.030658	0.000001
862.217160	2.030654	0.000001
862.606690	2.030649	0.000001
862.996090	2.030645	0.000001
863.385380	2.030641	0.000001
863.774600	2.030636	0.000001
864.163700	2.030632	0.000001
864.552670	2.030628	0.000001
864.941530	2.030624	0.000001
865.330320	2.030619	0.000001
865.718990	2.030615	0.000001
866.107600	2.030611	0.000001
866.496030	2.030607	0.000001
866.884400	2.030603	0.000001
867.272710	2.030599	0.000001
867.660830	2.030595	0.000001
868.048890	2.030590	0.000001
868.436830	2.030586	0.000001
868.824710	2.030582	0.000001
869.212400	2.030578	0.000001
869.600100	2.030574	0.000001
869.987610	2.030570	0.000001
870.375060	2.030566	0.000001
870.762330	2.030562	0.000001
871.149600	2.030557	0.000001
871.536680	2.030553	0.000001
871.923710	2.030549	0.000001
872.310610	2.030545	0.000001
872.697450	2.030540	0.000001
873.084110	2.030536	0.000001
873.470700	2.030532	0.000001
873.857180	2.030528	0.000001
874.243590	2.030524	0.000001
874.629880	2.030520	0.000001
875.016050	2.030516	0.000001
875.402160	2.030512	0.000001
875.788090	2.030508	0.000001
876.173950	2.030504	0.000001
876.559750	2.030500	0.000001
876.945370	2.030496	0.000001
877.330930	2.030491	0.000001
877.716370	2.030487	0.000001
878.101750	2.030483	0.000001
878.487000	2.030479	0.000001
878.872130	2.030475	0.000001
879.257140	2.030471	0.000001
879.642090	2.030467	0.000001
880.026920	2.030463	0.000001
880.411620	2.030459	0.000001
880.796260	2.030455	0.000001
881.180790	2.030451	0.000001
881.565190	2.030447	0.000001
881.949460	2.030443	0.000001
882.333680	2.030439	0.000001
882.717770	2.030435	0.000001
883.101750	2.030431	0.000001
883.485660	2.030427	0.000001
883.869450	2.030422	0.000001
884.253110	2.030418	0.000001
884.636720	2.030415	0.000001
885.020140	2.030411	0.000001
885.403500	2.030407	0.000001
885.786800	2.030402	0.000001
886.169980	2.030398	0.000001
886.552980	2.030394	0.000001
886.935970	2.030391	0.000001
887.318790	2.030387	0.000001
887.701540	2.030382	0.000001
888.084170	2.030378	0.000001
888.466740	2.030374	0.000001
888.849120	2.030370	0.000001
889.231450	2.030367	0.000001
889.613710	2.030363	0.000001
889.995790	2.030359	0.000001
890.377810	2.030355	0.000001
890.759770	2.030351	0.000001
891.141540	2.030347	0.000001
891.523250	2.030343	0.000001
891.904850	2.030339	0.000001
892.286320	2.030335	0.000001
892.667720	2.030331	0.000001
893.049010	2.030327	0.000001
893.430180	2.030323	0.000001
893.811280	2.030319	0.000001
894.192260	2.030315	0.000001
894.573120	2.030311	0.000001
894.953860	2.030307	0.000001
895.334530	2.030304	0.000001
895.715090	2.030300	0.000001
896.095520	2.030296	0.000001
896.475890	2.030292	0.000001
896.856140	2.030289	0.000001
897.236270	2.030284	0.000001
897.616270	2.030280	0.000001
897.996220	2.030276	0.000001
898.376040	2.030272	0.000001
898.755800	2.030268	0.000001
899.135380	2.030265	0.000001
899.514890	2.030261	0.000001
899.894290	2.030257	0.000001
900.273620	2.030253	0.000001
900.652830	2.030250	0.000001
901.031920	2.030246	0.000001
901.410890	2.030241	0.000001
901.789790	2.030237	0.000001
902.168580	2.030233	0.000001
902.547240	2.030229	0.000001
902.925840	2.030226	0.000001
903.304320	2.030222	0.000001
903.682680	2.030218	0.000001
904.060970	2.030214	0.000001
904.439090	2.030211	0.000001
904.817140	2.030207	0.000001
905.195130	2.030203	0.000001
905.572940	2.030199	0.000001
905.950680	2.030195	0.000001
906.328370	2.030192	0.000001
906.705870	2.030188	0.000001
907.083310	2.030184	0.000001
907.460630	2.030180	0.000001
907.837830	2.030176	0.000001
908.214970	2.030172	0.000001
908.591980	2.030168	0.000001
908.968870	2.030164	0.000001
909.345700	2.030161	0.000001
909.722410	2.030157	0.000001
910.099000	2.030153	0.000001
910.475520	2.030149	0.000001
910.851870	2.030145	0.000001
911.228150	2.030142	0.000001
911.604370	2.030138	0.000001
911.980410	2.030134	0.000001
912.356380	2.030130	0.000001
912.732240	2.030127	0.000001
913.108030	2.030123	0.000001
913.483700	2.030119	0.000001
913.859250	2.030115	0.000001
914.234680	2.030112	0.000001
914.610050	2.030108	0.000001
914.985290	2.030104	0.000001
915.360410	2.030100	0.000001
915.735470	2.030097	0.000001
916.110410	2.030093	0.000001
916.485230	2.030089	0.000001
916.859920	2.030085	0.000001
917.234560	2.030082	0.000001
917.609070	2.030078	0.000001
917.983520	2.030074	0.000001
918.357790	2.030070	0.000001
918.731990	2.030067	0.000001
919.106080	2.030063	0.000001
919.480100	2.030059	0.000001
919.854000	2.030055	0.000001
920.227780	2.030052	0.000001
920.601440	2.030049	0.000001
920.975040	2.030045	0.000001
921.348510	2.030042	0.000001
921.721860	2.030038	0.000001
922.095150	2.030034	0.000001
922.468320	2.030030	0.000001
922.841370	2.030027	0.000001
923.214290	2.030023	0.000001
923.587160	2.030019	0.000001
923.959900	2.030015	0.000001
924.332520	2.030012	0.000001
924.705080	2.030008	0.000001
925.077510	2.030004	0.000001
925.449830	2.030001	0.000001
925.822020	2.029997	0.000001
926.194150	2.029993	0.000001
926.566160	2.029989	0.000001
926.938110	2.029986	0.000001
927.309880	2.029982	0.000001
927.681580	2.029979	0.000001
928.053220	2.029975	0.000001
928.424680	2.029972	0.000001
928.796080	2.029968	0.000001
929.167360	2.029964	0.000001
929.538570	2.029961	0.000001
929.909610	2.029957	0.000001
930.280580	2.029953	0.000001
930.651490	2.029950	0.000001
931.022220	2.029946	0.000001
931.392880	2.029942	0.000001
931.763430	2.029938	0.000001
932.133910	2.029935	0.000001
932.504270	2.029931	0.000001
932.874510	2.029928	0.000001
933.244630	2.029925	0.000001
933.614690	2.029921	0.000001
933.984620	2.029917	0.000001
934.354430	2.029913	0.000001
934.724180	2.029910	0.000001
935.093810	2.029906	0.000001
935.463320	2.029903	0.000001
935.832700	2.029900	0.000001
936.202030	2.029896	0.000001
936.571230	2.029892	0.000001
936.940310	2.029889	0.000001
937.309330	2.029885	0.000001
937.678220	2.029881	0.000001
938.047000	2.029878	0.000001
938.415650	2.029874	0.000001
938.784240	2.029871	0.000001
939.152710	2.029868	0.000001
939.521120	2.029864	0.000001
939.889340	2.029860	0.000001
940.257510	2.029856	0.000001
940.625550	2.029853	0.000001
940.993530	2.029849	0.000001
941.361390	2.029846	0.000001
941.729130	2.029842	0.000001
942.096740	2.029839	0.000001
942.464290	2.029835	0.000001
942.831730	2.029832	0.000001
943.199040	2.029828	0.000001
943.566280	2.029824	0.000001
943.933410	2.029821	0.000001
944.300420	2.029817	0.000001
944.667360	2.029814	0.000001
945.034120	2.029811	0.000001
945.400820	2.029807	0.000001
945.767460	2.029803	0.000001
946.133910	2.029800	0.000001
946.500310	2.029796	0.000001
946.866640	2.029792	0.000001
947.232790	2.029789	0.000001
947.598880	2.029786	0.000001
947.964840	2.029782	0.000001
948.330750	2.029779	0.000001
948.696470	2.029775	0.000001
949.062130	2.029771	0.000001
949.427730	2.029768	0.000001
949.793150	2.029765	0.000001
950.158510	2.029761	0.000001
950.523740	2.029758	0.000001
950.888920	2.029754	0.000001
951.253910	2.029751	0.000001
951.618840	2.029747	0.000001
951.983700	2.029744	0.000001
952.348390	2.029741	0.000001
952.713010	2.029737	0.000001
953.077580	2.029733	0.000001
953.441960	2.029730	0.000001
953.806270	2.029727	0.000001
954.170470	2.029723	0.000001
954.534550	2.029720	0.000001
954.898560	2.029716	0.000001
955.262450	2.029713	0.000001
955.626220	2.029709	0.000001
955.989930	2.029706	0.000001
956.353520	2.029703	0.000001
956.716980	2.029699	0.000001
957.080380	2.029695	0.000001
957.443600	2.029692	0.000001
957.806760	2.029689	0.000001
958.169860	2.029686	0.000001
958.532780	2.029682	0.000001
958.895630	2.029679	0.000001
959.258420	2.029675	0.000001
959.621030	2.029672	0.000001
959.983580	2.029668	0.000001
960.346010	2.029665	0.000001
960.708310	2.029662	0.000001
961.070560	2.029658	0.000001
961.432680	2.029655	0.000001
961.794680	2.029651	0.000001
962.156620	2.029648	0.000001
962.518430	2.029644	0.000001
962.880130	2.029641	0.000001
963.241700	2.029638	0.000001
963.603210	2.029634	0.000001
963.964600	2.029630	0.000001
964.325870	2.029627	0.000001
964.687070	2.029624	0.000001
965.048160	2.029621	0.000001
965.409120	2.029617	0.000001
965.770020	2.029614	0.000001
966.130800	2.029611	0.000001
966.491460	2.029608	0.000001
966.851990	2.029604	0.000001
967.212460	2.029601	0.000001
967.572810	2.029597	0.000001
967.933040	2.029594	0.000001
968.293210	2.029590	0.000001
968.653200	2.029587	0.000001
969.013180	2.029584	0.000001
969.372990	2.029580	0.000001
969.732730	2.029577	0.000001
970.092350	2.029573	0.000001
970.451840	2.029570	0.000001
970.811280	2.029567	0.000001
971.170590	2.029564	0.000001
971.529790	2.029560	0.000001
971.888850	2.029557	0.000001
972.247860	2.029554	0.000001
972.606750	2.029550	0.000001
972.965580	2.029546	0.000001
973.324220	2.029543	0.000001
973.682800	2.029540	0.000001
974.041260	2.029537	0.000001
974.399660	2.029533	0.000001
974.757930	2.029530	0.000001
975.116090	2.029527	0.000001
975.474120	2.029524	0.000001
975.832090	2.029520	0.000001
976.189940	2.029517	0.000001
976.547730	2.029514	0.000001
976.905330	2.029511	0.000001
977.262880	2.029507	0.000001
977.620300	2.029504	0.000001
977.977660	2.029500	0.000001
978.334840	2.029497	0.000001
978.692020	2.029494	0.000001
979.049010	2.029491	0.000001
979.405940	2.029487	0.000001
979.762760	2.029484	0.000001
980.119450	2.029481	0.000001
980.476010	2.029478	0.000001
980.832520	2.029475	0.000001
981.188900	2.029471	0.000001
981.545230	2.029468	0.000001
981.901370	2.029464	0.000001
982.257510	2.029461	0.000001
982.613460	2.029457	0.000001
982.969300	2.029454	0.000001
983.325070	2.029451	0.000001
983.680790	2.029448	0.000001
984.036320	2.029445	0.000001
984.391780	2.029441	0.000001
984.747130	2.029438	0.000001
985.102360	2.029435	0.000001
985.457520	2.029432	0.000001
985.812560	2.029429	0.000001
986.167480	2.029426	0.000001
986.522340	2.029422	0.000001
986.877010	2.029419	0.000001
987.231690	2.029416	0.000001
987.586180	2.029412	0.000001
987.940610	2.029409	0.000001
988.294920	2.029405	0.000001
988.649110	2.029402	0.000001
989.003230	2.029399	0.000001
989.357180	2.029396	0.000001
989.711120	2.029393	0.000001
990.064880	2.029389	0.000001
990.418580	2.029386	0.000001
990.772160	2.029383	0.000001
991.125610	2.029380	0.000001
991.479000	2.029377	0.000001
991.832280	2.029374	0.000001
992.185420	2.029370	0.000001
992.538510	2.029367	0.000001
992.891420	2.029364	0.000001
993.244320	2.029361	0.000001
993.597050	2.029358	0.000001
993.949710	2.029354	0.000001
994.302250	2.029351	0.000001
994.654660	2.029347	0.000001
995.007020	2.029344	0.000001
995.359190	2.029341	0.000001
995.711360	2.029338	0.000001
996.063350	2.029334	0.000001
996.415280	2.029331	0.000001
996.767090	2.029328	0.000001
997.118770	2.029325	0.000001
997.470400	2.029322	0.000001
997.821900	2.029319	0.000001
998.173280	2.029315	0.000001
998.524600	2.029312	0.000001
998.875730	2.029309	0.000001
999.226810	2.029306	0.000001
999.577820	2.029303	0.000001
999.928710	2.029300	0.000001
