# wavelength_nm	n	k
# Interpolated from Woollam data to StellarNet BlackComet grid (400-1000 nm)
400.248140	5.624976	0.281607
400.746060	5.608508	0.276213
401.243900	5.592351	0.270985
401.741610	5.576504	0.265921
402.239230	5.560908	0.260997
402.736760	5.545535	0.256200
403.234160	5.530397	0.251532
403.731480	5.515488	0.246989
404.228670	5.500796	0.242563
404.725770	5.486301	0.238247
405.222780	5.471993	0.234035
405.719670	5.457895	0.229933
406.216430	5.444074	0.225958
406.713130	5.430509	0.222102
407.209720	5.417089	0.218331
407.706180	5.403782	0.214635
408.202550	5.390653	0.211031
408.698820	5.377733	0.207525
409.194980	5.364991	0.204109
409.691040	5.352398	0.200774
410.186980	5.339935	0.197511
410.682830	5.327616	0.194326
411.178590	5.315510	0.191233
411.674220	5.303627	0.188235
412.169770	5.291885	0.185308
412.665190	5.280238	0.182440
413.160520	5.268704	0.179635
413.655730	5.257301	0.176895
414.150880	5.246035	0.174223
414.645870	5.234923	0.171619
415.140780	5.223986	0.169089
415.635590	5.213224	0.166630
416.130310	5.202587	0.164229
416.624910	5.192037	0.161877
417.119380	5.181570	0.159573
417.613800	5.171199	0.157319
418.108060	5.160975	0.155125
418.602260	5.150913	0.152991
419.096340	5.140957	0.150907
419.590300	5.131072	0.148862
420.084200	5.121303	0.146867
420.577940	5.111689	0.144927
421.071620	5.102213	0.143039
421.565160	5.092852	0.141196
422.058620	5.083564	0.139389
422.551970	5.074334	0.137614
423.045230	5.065215	0.135882
423.538360	5.056248	0.134200
424.031400	5.047387	0.132556
424.524320	5.038589	0.130943
425.017150	5.029878	0.129364
425.509890	5.021278	0.127822
426.002500	5.012791	0.126318
426.495030	5.004406	0.124849
426.987430	4.996097	0.123409
427.479740	4.987848	0.121995
427.971950	4.979688	0.120611
428.464050	4.971648	0.119261
428.956050	4.963708	0.117943
429.447940	4.955831	0.116648
429.939730	4.947999	0.115373
430.431400	4.940212	0.114118
430.922970	4.932533	0.112892
431.414460	4.925026	0.111705
431.905820	4.917621	0.110545
432.397090	4.910208	0.109395
432.888240	4.902818	0.108258
433.379300	4.895530	0.107146
433.870270	4.888359	0.106061
434.361110	4.881285	0.105000
434.851870	4.874284	0.103959
435.342500	4.867335	0.102934
435.833040	4.860431	0.101922
436.323490	4.853577	0.100925
436.813810	4.846789	0.099946
437.304050	4.840088	0.098986
437.794160	4.833467	0.098044
438.284180	4.826892	0.097115
438.774080	4.820367	0.096199
439.263890	4.813916	0.095299
439.753600	4.807543	0.094416
440.243190	4.801230	0.093545
440.732700	4.794967	0.092687
441.222080	4.788756	0.091840
441.711360	4.782603	0.091007
442.200560	4.776520	0.090187
442.689640	4.770504	0.089380
443.178620	4.764535	0.088583
443.667480	4.758601	0.087795
444.156250	4.752700	0.087015
444.644930	4.746839	0.086244
445.133480	4.741038	0.085484
445.621920	4.735308	0.084736
446.110290	4.729651	0.084001
446.598510	4.724059	0.083278
447.086670	4.718512	0.082564
447.574710	4.712994	0.081855
448.062620	4.707503	0.081153
448.550480	4.702043	0.080458
449.038180	4.696641	0.079772
449.525820	4.691308	0.079097
450.013340	4.686017	0.078431
450.500730	4.680747	0.077769
450.988070	4.675520	0.077115
451.475250	4.670364	0.076471
451.962370	4.665254	0.075836
452.449340	4.660164	0.075206
452.936250	4.655107	0.074581
453.423030	4.650101	0.073965
453.909730	4.645144	0.073356
454.396300	4.640223	0.072754
454.882780	4.635329	0.072158
455.369140	4.630455	0.071566
455.855410	4.625617	0.070980
456.341580	4.620838	0.070402
456.827640	4.616106	0.069833
457.313600	4.611390	0.069267
457.799440	4.606697	0.068706
458.285190	4.602061	0.068154
458.770840	4.597475	0.067609
459.256380	4.592908	0.067068
459.741790	4.588359	0.066531
460.227140	4.583856	0.066001
460.712370	4.579406	0.065480
461.197480	4.574984	0.064963
461.682500	4.570578	0.064450
462.167420	4.566187	0.063940
462.652220	4.561819	0.063435
463.136930	4.557493	0.062936
463.621520	4.553216	0.062445
464.106020	4.548971	0.061959
464.590420	4.544749	0.061478
465.074710	4.540555	0.061001
465.558900	4.536391	0.060529
466.042970	4.532254	0.060063
466.526950	4.528139	0.059600
467.010830	4.524048	0.059142
467.494600	4.519983	0.058689
467.978240	4.515963	0.058242
468.461820	4.511994	0.057802
468.945280	4.508044	0.057366
469.428620	4.504079	0.056930
469.911870	4.500131	0.056498
470.395020	4.496247	0.056075
470.878050	4.492407	0.055658
471.360990	4.488568	0.055243
471.843810	4.484733	0.054830
472.326540	4.480929	0.054421
472.809170	4.477166	0.054018
473.291690	4.473445	0.053622
473.774110	4.469749	0.053231
474.256410	4.466055	0.052841
474.738620	4.462367	0.052453
475.220700	4.458715	0.052071
475.702700	4.455101	0.051694
476.184600	4.451505	0.051320
476.666380	4.447919	0.050948
477.148070	4.444364	0.050582
477.629670	4.440844	0.050221
478.111150	4.437338	0.049864
478.592500	4.433835	0.049507
479.073760	4.430356	0.049155
479.554930	4.426915	0.048809
480.036010	4.423492	0.048465
480.516970	4.420076	0.048124
480.997800	4.416690	0.047787
481.478550	4.413352	0.047456
481.959200	4.410031	0.047129
482.439730	4.406695	0.046801
482.920170	4.403373	0.046476
483.400510	4.400104	0.046158
483.880740	4.396866	0.045845
484.360840	4.393619	0.045532
484.840880	4.390371	0.045220
485.320770	4.387152	0.044912
485.800600	4.383971	0.044609
486.280300	4.380821	0.044311
486.759890	4.377694	0.044017
487.239410	4.374581	0.043724
487.718780	4.371477	0.043434
488.198090	4.368384	0.043146
488.677280	4.365305	0.042861
489.156340	4.362240	0.042578
489.635310	4.359192	0.042299
490.114200	4.356168	0.042024
490.592960	4.353171	0.041751
491.071620	4.350191	0.041481
491.550200	4.347223	0.041213
492.028660	4.344273	0.040949
492.506990	4.341346	0.040688
492.985260	4.338432	0.040430
493.463380	4.335524	0.040173
493.941440	4.332632	0.039919
494.419370	4.329770	0.039668
494.897190	4.326932	0.039421
495.374940	4.324106	0.039176
495.852540	4.321287	0.038932
496.330080	4.318475	0.038690
496.807500	4.315676	0.038451
497.284790	4.312905	0.038215
497.761990	4.310156	0.037982
498.239110	4.307416	0.037751
498.716090	4.304684	0.037522
499.192990	4.301974	0.037296
499.669770	4.299290	0.037072
500.146450	4.296620	0.036851
500.623050	4.293956	0.036632
501.099520	4.291299	0.036415
501.575900	4.288653	0.036199
502.052190	4.286023	0.035985
502.528320	4.283414	0.035774
503.004390	4.280829	0.035566
503.480350	4.278268	0.035362
503.956210	4.275716	0.035159
504.431950	4.273159	0.034956
504.907590	4.270606	0.034754
505.383150	4.268074	0.034555
505.858580	4.265565	0.034359
506.333890	4.263074	0.034165
506.809140	4.260597	0.033974
507.284240	4.258134	0.033783
507.759280	4.255680	0.033595
508.234190	4.253233	0.033408
508.709010	4.250792	0.033223
509.183720	4.248366	0.033039
509.658330	4.245954	0.032858
510.132810	4.243556	0.032678
510.607210	4.241169	0.032500
511.081480	4.238802	0.032324
511.555690	4.236456	0.032151
512.029790	4.234123	0.031979
512.503720	4.231796	0.031809
512.977600	4.229473	0.031639
513.451350	4.227156	0.031471
513.925050	4.224852	0.031304
514.398620	4.222571	0.031140
514.872070	4.220305	0.030979
515.345400	4.218041	0.030817
515.818660	4.215784	0.030657
516.291810	4.213547	0.030499
516.764830	4.211330	0.030343
517.237790	4.209123	0.030189
517.710630	4.206920	0.030035
518.183350	4.204720	0.029883
518.655940	4.202527	0.029731
519.128480	4.200352	0.029582
519.600890	4.198196	0.029434
520.073240	4.196050	0.029288
520.545410	4.193907	0.029143
521.017520	4.191776	0.028999
521.489500	4.189665	0.028857
521.961430	4.187566	0.028716
522.433230	4.185472	0.028577
522.904910	4.183379	0.028439
523.376460	4.181292	0.028301
523.847960	4.179215	0.028165
524.319340	4.177160	0.028030
524.790590	4.175120	0.027897
525.261780	4.173083	0.027765
525.732850	4.171051	0.027633
526.203800	4.169033	0.027503
526.674620	4.167032	0.027375
527.145390	4.165039	0.027248
527.616030	4.163048	0.027122
528.086550	4.161066	0.026996
528.557010	4.159095	0.026871
529.027340	4.157132	0.026748
529.497560	4.155177	0.026626
529.967710	4.153236	0.026505
530.437740	4.151312	0.026386
530.907650	4.149402	0.026267
531.377440	4.147497	0.026150
531.847170	4.145595	0.026034
532.316770	4.143694	0.025918
532.786250	4.141802	0.025803
533.255680	4.139927	0.025689
533.724910	4.138069	0.025577
534.194150	4.136213	0.025466
534.663210	4.134359	0.025354
535.132200	4.132516	0.025244
535.601070	4.130689	0.025136
536.069820	4.128870	0.025029
536.538510	4.127056	0.024922
537.007080	4.125246	0.024815
537.475520	4.123440	0.024709
537.943850	4.121643	0.024604
538.412110	4.119859	0.024501
538.880250	4.118089	0.024399
539.348330	4.116333	0.024298
539.816220	4.114580	0.024197
540.284060	4.112820	0.024096
540.751830	4.111060	0.023996
541.219420	4.109325	0.023897
541.686950	4.107613	0.023800
542.154360	4.105901	0.023703
542.621700	4.104182	0.023607
543.088870	4.102474	0.023511
543.555970	4.100785	0.023416
544.023010	4.099101	0.023322
544.489870	4.097412	0.023229
544.956670	4.095731	0.023136
545.423400	4.094071	0.023044
545.889950	4.092426	0.022953
546.356450	4.090780	0.022863
546.822810	4.089137	0.022774
547.289060	4.087504	0.022685
547.755250	4.085880	0.022596
548.221310	4.084257	0.022508
548.687260	4.082634	0.022421
549.153140	4.081024	0.022335
549.618900	4.079429	0.022249
550.084530	4.077841	0.022164
550.550050	4.076252	0.022079
551.015500	4.074669	0.021995
551.480830	4.073097	0.021912
551.946040	4.071531	0.021829
552.411190	4.069968	0.021746
552.876220	4.068411	0.021665
553.341130	4.066869	0.021584
553.805910	4.065339	0.021504
554.270630	4.063814	0.021425
554.735230	4.062291	0.021345
555.199770	4.060768	0.021266
555.664120	4.059250	0.021187
556.128420	4.057743	0.021110
556.592590	4.056251	0.021033
557.056700	4.054764	0.020957
557.520690	4.053279	0.020880
557.984560	4.051800	0.020805
558.448300	4.050331	0.020729
558.911990	4.048868	0.020655
559.375550	4.047405	0.020581
559.838990	4.045947	0.020507
560.302370	4.044502	0.020434
560.765630	4.043066	0.020362
561.228760	4.041630	0.020289
561.691830	4.040192	0.020218
562.154720	4.038765	0.020146
562.617550	4.037352	0.020075
563.080320	4.035946	0.020005
563.542910	4.034541	0.019935
564.005430	4.033138	0.019865
564.467900	4.031737	0.019796
564.930180	4.030342	0.019726
565.392400	4.028955	0.019658
565.854490	4.027577	0.019590
566.316530	4.026209	0.019523
566.778380	4.024850	0.019457
567.240170	4.023494	0.019390
567.701900	4.022139	0.019324
568.163450	4.020790	0.019258
568.624940	4.019445	0.019192
569.086300	4.018100	0.019127
569.547610	4.016756	0.019062
570.008730	4.015422	0.018997
570.469850	4.014103	0.018933
570.930790	4.012793	0.018870
571.391660	4.011486	0.018806
571.852360	4.010181	0.018743
572.313050	4.008879	0.018681
572.773560	4.007581	0.018619
573.234010	4.006283	0.018556
573.694340	4.004989	0.018494
574.154600	4.003708	0.018432
574.614690	4.002442	0.018372
575.074710	4.001177	0.018311
575.534670	3.999903	0.018251
575.994450	3.998633	0.018191
576.454160	3.997379	0.018131
576.913760	3.996135	0.018071
577.373290	3.994894	0.018012
577.832640	3.993655	0.017953
578.291930	3.992415	0.017895
578.751160	3.991179	0.017836
579.210210	3.989953	0.017779
579.669190	3.988736	0.017721
580.128110	3.987524	0.017664
580.586850	3.986313	0.017607
581.045530	3.985104	0.017550
581.504090	3.983899	0.017493
581.962520	3.982696	0.017437
582.420900	3.981496	0.017380
582.879150	3.980303	0.017325
583.337280	3.979121	0.017269
583.795350	3.977948	0.017215
584.253300	3.976778	0.017160
584.711120	3.975608	0.017105
585.168820	3.974441	0.017050
585.626460	3.973277	0.016995
586.083980	3.972115	0.016941
586.541440	3.970954	0.016887
586.998720	3.969800	0.016833
587.455930	3.968656	0.016780
587.913020	3.967518	0.016727
588.370060	3.966379	0.016674
588.826970	3.965243	0.016622
589.283750	3.964114	0.016570
589.740420	3.962993	0.016518
590.197020	3.961877	0.016465
590.653500	3.960763	0.016413
591.109860	3.959655	0.016362
591.566160	3.958551	0.016310
592.022340	3.957448	0.016259
592.478390	3.956344	0.016208
592.934330	3.955243	0.016157
593.390200	3.954149	0.016107
593.845950	3.953062	0.016057
594.301570	3.951980	0.016007
594.757140	3.950901	0.015957
595.212590	3.949825	0.015907
595.667910	3.948752	0.015857
596.123110	3.947684	0.015808
596.578250	3.946622	0.015759
597.033260	3.945565	0.015710
597.488220	3.944511	0.015662
597.942990	3.943458	0.015613
598.397710	3.942404	0.015564
598.852360	3.941355	0.015516
599.306820	3.940316	0.015468
599.761230	3.939284	0.015420
600.215520	3.938252	0.015372
600.669740	3.937219	0.015325
601.123780	3.936190	0.015277
601.577760	3.935168	0.015230
602.031680	3.934151	0.015184
602.485410	3.933139	0.015137
602.939090	3.932130	0.015090
603.392640	3.931120	0.015043
603.846130	3.930113	0.014997
604.299500	3.929113	0.014951
604.752750	3.928120	0.014905
605.205870	3.927129	0.014859
605.658940	3.926139	0.014813
606.111880	3.925151	0.014768
606.564700	3.924167	0.014722
607.017460	3.923183	0.014677
607.470030	3.922201	0.014632
607.922610	3.921224	0.014587
608.375000	3.920258	0.014542
608.827330	3.919297	0.014498
609.279540	3.918337	0.014454
609.731630	3.917376	0.014409
610.183650	3.916417	0.014365
610.635560	3.915462	0.014321
611.087340	3.914512	0.014277
611.539000	3.913565	0.014233
611.990600	3.912621	0.014190
612.442080	3.911676	0.014146
612.893430	3.910734	0.014102
613.344730	3.909797	0.014059
613.795900	3.908866	0.014016
614.246950	3.907938	0.013974
614.697940	3.907011	0.013931
615.148800	3.906089	0.013888
615.599550	3.905174	0.013846
616.050170	3.904263	0.013803
616.500730	3.903355	0.013761
616.951170	3.902446	0.013719
617.401490	3.901533	0.013676
617.851750	3.900622	0.013635
618.301880	3.899722	0.013593
618.751890	3.898831	0.013552
619.201780	3.897939	0.013510
619.651610	3.897044	0.013469
620.101320	3.896154	0.013428
620.550960	3.895272	0.013387
621.000430	3.894391	0.013346
621.449830	3.893505	0.013304
621.899110	3.892621	0.013263
622.348330	3.891749	0.013223
622.797420	3.890886	0.013183
623.246400	3.890022	0.013143
623.695250	3.889154	0.013102
624.144040	3.888290	0.013062
624.592710	3.887433	0.013022
625.041260	3.886577	0.012982
625.489750	3.885721	0.012942
625.938110	3.884866	0.012902
626.386350	3.884014	0.012863
626.834470	3.883169	0.012823
627.282530	3.882330	0.012784
627.730470	3.881495	0.012745
628.178280	3.880660	0.012706
628.626040	3.879823	0.012667
629.073670	3.878989	0.012629
629.521180	3.878162	0.012590
629.968630	3.877337	0.012552
630.415950	3.876512	0.012513
630.863160	3.875690	0.012475
631.310240	3.874875	0.012437
631.757260	3.874065	0.012399
632.204160	3.873252	0.012361
632.650940	3.872438	0.012323
633.097660	3.871627	0.012285
633.544250	3.870823	0.012247
633.990720	3.870022	0.012210
634.437070	3.869220	0.012172
634.883360	3.868420	0.012135
635.329530	3.867627	0.012098
635.775570	3.866839	0.012061
636.221560	3.866049	0.012024
636.667420	3.865257	0.011987
637.113160	3.864468	0.011950
637.558840	3.863685	0.011912
638.004330	3.862907	0.011876
638.449830	3.862135	0.011840
638.895140	3.861363	0.011804
639.340390	3.860588	0.011767
639.785520	3.859814	0.011730
640.230530	3.859045	0.011694
640.675420	3.858283	0.011659
641.120240	3.857522	0.011623
641.564940	3.856761	0.011588
642.009580	3.856001	0.011552
642.454100	3.855241	0.011517
642.898500	3.854486	0.011481
643.342770	3.853735	0.011446
643.786990	3.852987	0.011410
644.231080	3.852237	0.011375
644.675050	3.851486	0.011340
645.118900	3.850738	0.011305
645.562680	3.849998	0.011270
646.006350	3.849262	0.011236
646.449950	3.848530	0.011201
646.893370	3.847800	0.011166
647.336730	3.847070	0.011132
647.779970	3.846340	0.011098
648.223140	3.845608	0.011064
648.666200	3.844877	0.011029
649.109130	3.844154	0.010995
649.551940	3.843439	0.010961
649.994690	3.842726	0.010927
650.437320	3.842008	0.010894
650.879880	3.841289	0.010860
651.322270	3.840572	0.010826
651.764590	3.839859	0.010793
652.206790	3.839150	0.010759
652.648930	3.838445	0.010726
653.090940	3.837741	0.010693
653.532840	3.837038	0.010660
653.974610	3.836338	0.010627
654.416320	3.835643	0.010594
654.857910	3.834949	0.010562
655.299380	3.834253	0.010529
655.740720	3.833556	0.010496
656.182010	3.832863	0.010464
656.623170	3.832175	0.010431
657.064270	3.831490	0.010399
657.505250	3.830806	0.010367
657.946110	3.830125	0.010335
658.386840	3.829447	0.010303
658.827450	3.828772	0.010271
659.268010	3.828095	0.010239
659.708500	3.827418	0.010207
660.148800	3.826743	0.010175
660.589050	3.826073	0.010143
661.029170	3.825407	0.010112
661.469180	3.824745	0.010081
661.909120	3.824083	0.010050
662.348940	3.823419	0.010019
662.788640	3.822755	0.009988
663.228270	3.822095	0.009957
663.667790	3.821439	0.009926
664.107180	3.820786	0.009894
664.546450	3.820133	0.009864
664.985660	3.819481	0.009833
665.424740	3.818831	0.009803
665.863710	3.818183	0.009772
666.302610	3.817539	0.009742
666.741390	3.816896	0.009712
667.180050	3.816252	0.009682
667.618590	3.815608	0.009651
668.057070	3.814967	0.009621
668.495420	3.814333	0.009591
668.933650	3.813702	0.009562
669.371830	3.813070	0.009532
669.809880	3.812438	0.009502
670.247800	3.811808	0.009472
670.685670	3.811181	0.009443
671.123410	3.810556	0.009414
671.561040	3.809931	0.009384
671.998540	3.809308	0.009355
672.435970	3.808686	0.009326
672.873290	3.808066	0.009296
673.310490	3.807446	0.009267
673.747620	3.806827	0.009239
674.184630	3.806213	0.009210
674.621520	3.805603	0.009181
675.058290	3.804995	0.009152
675.495000	3.804386	0.009124
675.931580	3.803778	0.009095
676.368040	3.803173	0.009067
676.804440	3.802570	0.009039
677.240720	3.801969	0.009010
677.676880	3.801369	0.008982
678.112980	3.800768	0.008954
678.548950	3.800168	0.008925
678.984800	3.799570	0.008897
679.420530	3.798974	0.008869
679.856200	3.798382	0.008842
680.291750	3.797792	0.008814
680.727170	3.797204	0.008786
681.162540	3.796619	0.008759
681.597780	3.796036	0.008731
682.032900	3.795454	0.008704
682.467900	3.794872	0.008677
682.902830	3.794291	0.008650
683.337650	3.793711	0.008623
683.772340	3.793131	0.008595
684.206970	3.792552	0.008568
684.641480	3.791973	0.008541
685.075870	3.791397	0.008514
685.510190	3.790825	0.008488
685.944340	3.790257	0.008461
686.378480	3.789689	0.008434
686.812440	3.789122	0.008408
687.246340	3.788555	0.008381
687.680110	3.787988	0.008355
688.113770	3.787425	0.008329
688.547300	3.786865	0.008303
688.980770	3.786309	0.008276
689.414180	3.785753	0.008250
689.847410	3.785197	0.008224
690.280580	3.784641	0.008198
690.713620	3.784086	0.008173
691.146550	3.783531	0.008147
691.579410	3.782978	0.008121
692.012150	3.782429	0.008095
692.444760	3.781883	0.008070
692.877260	3.781339	0.008044
693.309690	3.780796	0.008019
693.742000	3.780252	0.007994
694.174260	3.779708	0.007969
694.606320	3.779165	0.007943
695.038330	3.778624	0.007918
695.470280	3.778084	0.007893
695.902040	3.777547	0.007868
696.333740	3.777012	0.007843
696.765320	3.776478	0.007818
697.196840	3.775946	0.007794
697.628170	3.775415	0.007769
698.059450	3.774885	0.007745
698.490660	3.774357	0.007720
698.921690	3.773830	0.007695
699.352660	3.773304	0.007671
699.783510	3.772778	0.007646
700.214290	3.772255	0.007622
700.644960	3.771732	0.007598
701.075500	3.771213	0.007574
701.505920	3.770697	0.007550
701.936280	3.770181	0.007527
702.366520	3.769665	0.007503
702.796630	3.769149	0.007478
703.226680	3.768635	0.007454
703.656560	3.768124	0.007431
704.086430	3.767613	0.007407
704.516110	3.767104	0.007384
704.945740	3.766595	0.007360
705.375240	3.766087	0.007337
705.804630	3.765579	0.007314
706.233950	3.765072	0.007290
706.663150	3.764568	0.007266
707.092220	3.764066	0.007243
707.521180	3.763566	0.007220
707.950070	3.763067	0.007198
708.378850	3.762569	0.007175
708.807560	3.762072	0.007151
709.236080	3.761578	0.007128
709.664550	3.761084	0.007106
710.092900	3.760591	0.007083
710.521180	3.760097	0.007060
710.949340	3.759604	0.007038
711.377380	3.759113	0.007015
711.805300	3.758624	0.006993
712.233150	3.758136	0.006971
712.660890	3.757651	0.006949
713.088500	3.757167	0.006926
713.516050	3.756686	0.006904
713.943480	3.756205	0.006882
714.370790	3.755725	0.006860
714.798030	3.755246	0.006838
715.225100	3.754767	0.006816
715.652100	3.754288	0.006794
716.079040	3.753811	0.006772
716.505800	3.753334	0.006750
716.932500	3.752860	0.006728
717.359130	3.752387	0.006707
717.785580	3.751916	0.006686
718.211980	3.751446	0.006664
718.638240	3.750977	0.006643
719.064450	3.750508	0.006622
719.490480	3.750039	0.006600
719.916440	3.749572	0.006579
720.342350	3.749108	0.006558
720.768070	3.748646	0.006537
721.193730	3.748185	0.006515
721.619260	3.747724	0.006495
722.044740	3.747264	0.006474
722.470030	3.746803	0.006453
722.895260	3.746345	0.006432
723.320430	3.745889	0.006411
723.745420	3.745436	0.006390
724.170350	3.744984	0.006370
724.595210	3.744531	0.006349
725.019900	3.744079	0.006329
725.444520	3.743627	0.006309
725.869020	3.743175	0.006288
726.293460	3.742724	0.006268
726.717710	3.742274	0.006248
727.141910	3.741826	0.006227
727.566040	3.741381	0.006207
727.989990	3.740936	0.006186
728.413880	3.740492	0.006166
728.837650	3.740049	0.006147
729.261350	3.739608	0.006127
729.684880	3.739169	0.006108
730.108340	3.738730	0.006088
730.531740	3.738291	0.006068
730.954960	3.737853	0.006048
731.378110	3.737415	0.006028
731.801210	3.736978	0.006008
732.224120	3.736543	0.005989
732.646970	3.736111	0.005969
733.069700	3.735680	0.005950
733.492310	3.735251	0.005931
733.914860	3.734821	0.005912
734.337280	3.734390	0.005893
734.759580	3.733960	0.005873
735.181820	3.733533	0.005854
735.603940	3.733110	0.005835
736.025940	3.732687	0.005816
736.447810	3.732263	0.005797
736.869630	3.731839	0.005778
737.291320	3.731416	0.005759
737.712950	3.730996	0.005741
738.134400	3.730576	0.005722
738.555790	3.730158	0.005704
738.977050	3.729740	0.005685
739.398250	3.729322	0.005666
739.819340	3.728904	0.005647
740.240300	3.728490	0.005629
740.661130	3.728077	0.005611
741.081910	3.727663	0.005592
741.502560	3.727249	0.005574
741.923100	3.726836	0.005555
742.343570	3.726423	0.005537
742.763850	3.726013	0.005519
743.184140	3.725605	0.005501
743.604250	3.725199	0.005483
744.024290	3.724792	0.005465
744.444210	3.724385	0.005447
744.864010	3.723979	0.005429
745.283750	3.723573	0.005411
745.703370	3.723170	0.005393
746.122860	3.722770	0.005376
746.542240	3.722372	0.005358
746.961550	3.721974	0.005341
747.380740	3.721573	0.005323
747.799870	3.721172	0.005305
748.218810	3.720773	0.005288
748.637700	3.720376	0.005270
749.056520	3.719981	0.005253
749.475160	3.719587	0.005235
749.893740	3.719195	0.005218
750.312190	3.718804	0.005201
750.730590	3.718414	0.005184
751.148800	3.718024	0.005167
751.566960	3.717634	0.005150
751.985050	3.717245	0.005133
752.402950	3.716856	0.005116
752.820800	3.716468	0.005099
753.238530	3.716079	0.005082
753.656190	3.715692	0.005065
754.073730	3.715307	0.005048
754.491150	3.714924	0.005031
754.908450	3.714543	0.005015
755.325680	3.714161	0.004998
755.742800	3.713779	0.004981
756.159790	3.713397	0.004965
756.576720	3.713016	0.004948
756.993470	3.712637	0.004932
757.410220	3.712259	0.004916
757.826780	3.711882	0.004900
758.243290	3.711505	0.004884
758.659670	3.711129	0.004867
759.075930	3.710755	0.004851
759.492130	3.710381	0.004835
759.908140	3.710009	0.004819
760.324160	3.709638	0.004802
760.739990	3.709267	0.004786
761.155760	3.708894	0.004770
761.571410	3.708522	0.004754
761.986940	3.708152	0.004738
762.402400	3.707785	0.004723
762.817750	3.707421	0.004707
763.232970	3.707056	0.004691
763.648130	3.706688	0.004675
764.063170	3.706321	0.004660
764.478090	3.705956	0.004644
764.892880	3.705593	0.004628
765.307620	3.705232	0.004613
765.722230	3.704872	0.004597
766.136720	3.704513	0.004582
766.551150	3.704154	0.004567
766.965450	3.703795	0.004551
767.379640	3.703435	0.004536
767.793700	3.703076	0.004521
768.207700	3.702717	0.004505
768.621580	3.702360	0.004491
769.035400	3.702006	0.004476
769.449040	3.701654	0.004460
769.862610	3.701303	0.004445
770.276060	3.700950	0.004430
770.689450	3.700595	0.004415
771.102720	3.700241	0.004400
771.515870	3.699891	0.004385
771.928890	3.699543	0.004371
772.341860	3.699196	0.004356
772.754700	3.698849	0.004342
773.167420	3.698501	0.004327
773.580080	3.698151	0.004312
773.992610	3.697803	0.004297
774.405030	3.697458	0.004283
774.817320	3.697113	0.004268
775.229550	3.696769	0.004254
775.641660	3.696425	0.004240
776.053650	3.696082	0.004225
776.465580	3.695742	0.004211
776.877380	3.695402	0.004196
777.289060	3.695063	0.004182
777.700680	3.694724	0.004168
778.112180	3.694385	0.004154
778.523560	3.694046	0.004140
778.934810	3.693708	0.004125
779.346010	3.693370	0.004111
779.757080	3.693033	0.004097
780.168030	3.692697	0.004083
780.578920	3.692363	0.004069
780.989690	3.692029	0.004055
781.400330	3.691696	0.004042
781.810850	3.691364	0.004028
782.221310	3.691032	0.004015
782.631650	3.690702	0.004001
783.041870	3.690372	0.003987
783.452030	3.690044	0.003973
783.862060	3.689715	0.003960
784.271970	3.689388	0.003946
784.681820	3.689060	0.003933
785.091490	3.688733	0.003919
785.501160	3.688406	0.003905
785.910640	3.688080	0.003892
786.320070	3.687755	0.003879
786.729370	3.687432	0.003866
787.138550	3.687109	0.003853
787.547610	3.686786	0.003840
787.956600	3.686464	0.003826
788.365480	3.686143	0.003813
788.774290	3.685822	0.003799
789.182980	3.685503	0.003786
789.591550	3.685185	0.003774
790.000000	3.684867	0.003761
790.408390	3.684550	0.003748
790.816650	3.684232	0.003735
791.224790	3.683916	0.003722
791.632810	3.683599	0.003709
792.040770	3.683283	0.003696
792.448610	3.682969	0.003683
792.856380	3.682655	0.003670
793.263980	3.682343	0.003658
793.671510	3.682031	0.003645
794.078920	3.681719	0.003633
794.486270	3.681406	0.003620
794.893490	3.681095	0.003607
795.300600	3.680786	0.003595
795.707580	3.680478	0.003582
796.114500	3.680170	0.003570
796.521300	3.679862	0.003557
796.928040	3.679554	0.003545
797.334590	3.679247	0.003533
797.741090	3.678940	0.003521
798.147460	3.678634	0.003509
798.553770	3.678328	0.003496
798.959960	3.678024	0.003484
799.366030	3.677721	0.003472
799.771970	3.677418	0.003460
800.177860	3.677115	0.003448
800.583620	3.676813	0.003435
800.989260	3.676512	0.003423
801.394780	3.676212	0.003412
801.800230	3.675912	0.003400
802.205570	3.675613	0.003388
802.610840	3.675315	0.003376
803.015990	3.675016	0.003364
803.421020	3.674718	0.003352
803.825930	3.674421	0.003340
804.230770	3.674123	0.003328
804.635440	3.673826	0.003316
805.040100	3.673530	0.003305
805.444580	3.673235	0.003294
805.849000	3.672941	0.003282
806.253300	3.672649	0.003271
806.657470	3.672357	0.003259
807.061580	3.672066	0.003247
807.465580	3.671775	0.003236
807.869450	3.671486	0.003225
808.273250	3.671196	0.003213
808.676940	3.670906	0.003202
809.080510	3.670617	0.003191
809.483950	3.670329	0.003179
809.887330	3.670041	0.003168
810.290590	3.669752	0.003157
810.693730	3.669464	0.003146
811.096800	3.669177	0.003134
811.499760	3.668890	0.003123
811.902590	3.668604	0.003112
812.305300	3.668319	0.003101
812.707950	3.668035	0.003090
813.110470	3.667751	0.003079
813.512940	3.667469	0.003068
813.915220	3.667188	0.003057
814.317440	3.666907	0.003046
814.719540	3.666627	0.003036
815.121580	3.666346	0.003025
815.523500	3.666066	0.003014
815.925290	3.665786	0.003003
816.326970	3.665506	0.002992
816.728580	3.665227	0.002981
817.130070	3.664948	0.002971
817.531430	3.664670	0.002960
817.932740	3.664393	0.002950
818.333920	3.664117	0.002939
818.734990	3.663842	0.002929
819.135930	3.663567	0.002918
819.536800	3.663291	0.002908
819.937560	3.663017	0.002897
820.338260	3.662743	0.002886
820.738770	3.662471	0.002876
821.139220	3.662199	0.002866
821.539550	3.661928	0.002856
821.939820	3.661656	0.002846
822.339970	3.661385	0.002835
822.739990	3.661114	0.002825
823.139890	3.660845	0.002814
823.539730	3.660577	0.002804
823.939450	3.660309	0.002795
824.339050	3.660040	0.002785
824.738590	3.659771	0.002775
825.138000	3.659504	0.002765
825.537290	3.659238	0.002755
825.936460	3.658973	0.002745
826.335570	3.658708	0.002735
826.734560	3.658443	0.002725
827.133420	3.658179	0.002715
827.532230	3.657914	0.002705
827.930910	3.657651	0.002695
828.329470	3.657387	0.002685
828.727970	3.657124	0.002675
829.126340	3.656861	0.002665
829.524600	3.656599	0.002655
829.922730	3.656338	0.002646
830.320800	3.656077	0.002636
830.718750	3.655818	0.002627
831.116580	3.655558	0.002617
831.514340	3.655298	0.002608
831.911930	3.655038	0.002598
832.309510	3.654780	0.002589
832.706910	3.654522	0.002579
833.104250	3.654266	0.002569
833.501460	3.654010	0.002560
833.898560	3.653755	0.002550
834.295590	3.653501	0.002541
834.692500	3.653247	0.002532
835.089290	3.652993	0.002523
835.485960	3.652739	0.002513
835.882570	3.652486	0.002504
836.279050	3.652233	0.002494
836.675480	3.651980	0.002485
837.071720	3.651727	0.002476
837.467900	3.651475	0.002467
837.864010	3.651223	0.002458
838.259950	3.650973	0.002449
838.655820	3.650723	0.002440
839.051570	3.650474	0.002431
839.447270	3.650224	0.002422
839.842770	3.649975	0.002413
840.238220	3.649726	0.002404
840.633610	3.649478	0.002395
841.028810	3.649230	0.002386
841.423950	3.648983	0.002377
841.818970	3.648738	0.002368
842.213930	3.648492	0.002359
842.608760	3.648246	0.002351
843.003480	3.648001	0.002342
843.398070	3.647756	0.002333
843.792600	3.647511	0.002325
844.187010	3.647266	0.002316
844.581300	3.647021	0.002307
844.975520	3.646778	0.002299
845.369630	3.646537	0.002290
845.763610	3.646296	0.002281
846.157470	3.646056	0.002273
846.551270	3.645815	0.002264
846.944950	3.645574	0.002256
847.338500	3.645332	0.002248
847.731990	3.645090	0.002239
848.125370	3.644851	0.002230
848.518620	3.644614	0.002222
848.911740	3.644378	0.002214
849.304810	3.644141	0.002206
849.697750	3.643903	0.002197
850.090640	3.643665	0.002189
850.483340	3.643428	0.002181
850.875980	3.643191	0.002173
851.268550	3.642954	0.002164
851.660950	3.642717	0.002156
852.053280	3.642482	0.002148
852.445500	3.642248	0.002140
852.837590	3.642015	0.002131
853.229610	3.641783	0.002123
853.621520	3.641550	0.002115
854.013310	3.641317	0.002107
854.405030	3.641084	0.002099
854.796630	3.640852	0.002091
855.188110	3.640621	0.002083
855.579530	3.640390	0.002075
855.970760	3.640160	0.002068
856.362000	3.639930	0.002060
856.753050	3.639701	0.002052
857.144040	3.639471	0.002044
857.534850	3.639242	0.002036
857.925660	3.639013	0.002028
858.316280	3.638786	0.002021
858.706850	3.638560	0.002013
859.097290	3.638334	0.002005
859.487670	3.638108	0.001997
859.877870	3.637882	0.001989
860.268010	3.637655	0.001982
860.658080	3.637429	0.001974
861.047970	3.637203	0.001966
861.437810	3.636979	0.001959
861.827510	3.636756	0.001951
862.217160	3.636533	0.001944
862.606690	3.636309	0.001936
862.996090	3.636086	0.001929
863.385380	3.635863	0.001922
863.774600	3.635641	0.001914
864.163700	3.635419	0.001907
864.552670	3.635198	0.001900
864.941530	3.634977	0.001892
865.330320	3.634757	0.001885
865.718990	3.634536	0.001877
866.107600	3.634316	0.001870
866.496030	3.634096	0.001863
866.884400	3.633877	0.001855
867.272710	3.633659	0.001848
867.660830	3.633442	0.001840
868.048890	3.633225	0.001833
868.436830	3.633008	0.001826
868.824710	3.632791	0.001819
869.212400	3.632575	0.001812
869.600100	3.632359	0.001805
869.987610	3.632144	0.001798
870.375060	3.631928	0.001791
870.762330	3.631713	0.001784
871.149600	3.631498	0.001777
871.536680	3.631283	0.001770
871.923710	3.631069	0.001762
872.310610	3.630856	0.001756
872.697450	3.630644	0.001749
873.084110	3.630432	0.001743
873.470700	3.630220	0.001736
873.857180	3.630007	0.001729
874.243590	3.629795	0.001722
874.629880	3.629584	0.001715
875.016050	3.629373	0.001708
875.402160	3.629164	0.001701
875.788090	3.628955	0.001695
876.173950	3.628746	0.001688
876.559750	3.628537	0.001681
876.945370	3.628329	0.001674
877.330930	3.628120	0.001667
877.716370	3.627912	0.001661
878.101750	3.627704	0.001654
878.487000	3.627495	0.001648
878.872130	3.627287	0.001641
879.257140	3.627080	0.001635
879.642090	3.626873	0.001628
880.026920	3.626668	0.001622
880.411620	3.626462	0.001615
880.796260	3.626257	0.001608
881.180790	3.626052	0.001602
881.565190	3.625848	0.001595
881.949460	3.625644	0.001589
882.333680	3.625440	0.001583
882.717770	3.625238	0.001577
883.101750	3.625036	0.001570
883.485660	3.624834	0.001564
883.869450	3.624633	0.001557
884.253110	3.624431	0.001551
884.636720	3.624229	0.001545
885.020140	3.624026	0.001539
885.403500	3.623825	0.001533
885.786800	3.623623	0.001527
886.169980	3.623423	0.001520
886.552980	3.623224	0.001513
886.935970	3.623025	0.001507
887.318790	3.622827	0.001501
887.701540	3.622628	0.001495
888.084170	3.622429	0.001490
888.466740	3.622231	0.001484
888.849120	3.622033	0.001477
889.231450	3.621835	0.001471
889.613710	3.621638	0.001465
889.995790	3.621441	0.001459
890.377810	3.621245	0.001453
890.759770	3.621049	0.001447
891.141540	3.620854	0.001441
891.523250	3.620660	0.001435
891.904850	3.620465	0.001429
892.286320	3.620271	0.001423
892.667720	3.620076	0.001417
893.049010	3.619881	0.001411
893.430180	3.619687	0.001405
893.811280	3.619494	0.001400
894.192260	3.619301	0.001394
894.573120	3.619109	0.001388
894.953860	3.618917	0.001383
895.334530	3.618726	0.001377
895.715090	3.618535	0.001371
896.095520	3.618344	0.001366
896.475890	3.618153	0.001360
896.856140	3.617962	0.001354
897.236270	3.617771	0.001348
897.616270	3.617580	0.001343
897.996220	3.617390	0.001337
898.376040	3.617200	0.001332
898.755800	3.617011	0.001326
899.135380	3.616823	0.001321
899.514890	3.616634	0.001315
899.894290	3.616445	0.001310
900.273620	3.616258	0.001304
900.652830	3.616072	0.001299
901.031920	3.615885	0.001294
901.410890	3.615699	0.001288
901.789790	3.615512	0.001282
902.168580	3.615326	0.001277
902.547240	3.615140	0.001271
902.925840	3.614954	0.001266
903.304320	3.614769	0.001261
903.682680	3.614584	0.001255
904.060970	3.614399	0.001250
904.439090	3.614215	0.001245
904.817140	3.614031	0.001240
905.195130	3.613847	0.001234
905.572940	3.613664	0.001229
905.950680	3.613481	0.001224
906.328370	3.613298	0.001218
906.705870	3.613115	0.001213
907.083310	3.612933	0.001208
907.460630	3.612751	0.001203
907.837830	3.612570	0.001198
908.214970	3.612389	0.001193
908.591980	3.612208	0.001188
908.968870	3.612027	0.001182
909.345700	3.611847	0.001177
909.722410	3.611667	0.001173
910.099000	3.611488	0.001168
910.475520	3.611308	0.001162
910.851870	3.611129	0.001157
911.228150	3.610951	0.001152
911.604370	3.610772	0.001147
911.980410	3.610594	0.001142
912.356380	3.610416	0.001137
912.732240	3.610238	0.001132
913.108030	3.610061	0.001128
913.483700	3.609885	0.001123
913.859250	3.609709	0.001118
914.234680	3.609533	0.001113
914.610050	3.609357	0.001108
914.985290	3.609182	0.001103
915.360410	3.609007	0.001098
915.735470	3.608831	0.001093
916.110410	3.608657	0.001089
916.485230	3.608482	0.001084
916.859920	3.608308	0.001080
917.234560	3.608134	0.001075
917.609070	3.607961	0.001070
917.983520	3.607788	0.001065
918.357790	3.607615	0.001061
918.731990	3.607442	0.001056
919.106080	3.607269	0.001052
919.480100	3.607095	0.001047
919.854000	3.606922	0.001042
920.227780	3.606750	0.001037
920.601440	3.606579	0.001033
920.975040	3.606408	0.001028
921.348510	3.606238	0.001024
921.721860	3.606067	0.001019
922.095150	3.605897	0.001015
922.468320	3.605727	0.001010
922.841370	3.605558	0.001006
923.214290	3.605389	0.001001
923.587160	3.605220	0.000997
923.959900	3.605051	0.000992
924.332520	3.604882	0.000988
924.705080	3.604713	0.000984
925.077510	3.604545	0.000979
925.449830	3.604377	0.000975
925.822020	3.604209	0.000970
926.194150	3.604042	0.000966
926.566160	3.603875	0.000962
926.938110	3.603709	0.000958
927.309880	3.603543	0.000953
927.681580	3.603378	0.000949
928.053220	3.603212	0.000944
928.424680	3.603047	0.000940
928.796080	3.602882	0.000936
929.167360	3.602717	0.000932
929.538570	3.602552	0.000928
929.909610	3.602387	0.000923
930.280580	3.602223	0.000919
930.651490	3.602059	0.000915
931.022220	3.601895	0.000911
931.392880	3.601731	0.000907
931.763430	3.601568	0.000903
932.133910	3.601405	0.000899
932.504270	3.601243	0.000894
932.874510	3.601082	0.000890
933.244630	3.600920	0.000886
933.614690	3.600758	0.000882
933.984620	3.600597	0.000878
934.354430	3.600436	0.000874
934.724180	3.600275	0.000870
935.093810	3.600114	0.000866
935.463320	3.599953	0.000862
935.832700	3.599793	0.000858
936.202030	3.599633	0.000854
936.571230	3.599473	0.000850
936.940310	3.599314	0.000846
937.309330	3.599154	0.000842
937.678220	3.598995	0.000838
938.047000	3.598836	0.000835
938.415650	3.598677	0.000830
938.784240	3.598518	0.000826
939.152710	3.598361	0.000822
939.521120	3.598203	0.000819
939.889340	3.598046	0.000815
940.257510	3.597889	0.000811
940.625550	3.597732	0.000808
940.993530	3.597576	0.000804
941.361390	3.597420	0.000800
941.729130	3.597264	0.000797
942.096740	3.597108	0.000793
942.464290	3.596953	0.000789
942.831730	3.596797	0.000785
943.199040	3.596642	0.000781
943.566280	3.596486	0.000777
943.933410	3.596331	0.000774
944.300420	3.596176	0.000770
944.667360	3.596022	0.000766
945.034120	3.595868	0.000763
945.400820	3.595714	0.000759
945.767460	3.595560	0.000756
946.133910	3.595407	0.000753
946.500310	3.595254	0.000749
946.866640	3.595101	0.000745
947.232790	3.594948	0.000742
947.598880	3.594795	0.000738
947.964840	3.594643	0.000734
948.330750	3.594491	0.000731
948.696470	3.594339	0.000727
949.062130	3.594188	0.000723
949.427730	3.594037	0.000720
949.793150	3.593887	0.000717
950.158510	3.593737	0.000714
950.523740	3.593588	0.000710
950.888920	3.593438	0.000707
951.253910	3.593289	0.000703
951.618840	3.593140	0.000700
951.983700	3.592992	0.000696
952.348390	3.592843	0.000693
952.713010	3.592694	0.000690
953.077580	3.592545	0.000686
953.441960	3.592397	0.000683
953.806270	3.592248	0.000680
954.170470	3.592100	0.000676
954.534550	3.591951	0.000673
954.898560	3.591803	0.000670
955.262450	3.591655	0.000667
955.626220	3.591508	0.000663
955.989930	3.591361	0.000660
956.353520	3.591215	0.000657
956.716980	3.591069	0.000654
957.080380	3.590923	0.000650
957.443600	3.590777	0.000647
957.806760	3.590631	0.000644
958.169860	3.590486	0.000641
958.532780	3.590341	0.000638
958.895630	3.590196	0.000635
959.258420	3.590051	0.000632
959.621030	3.589907	0.000629
959.983580	3.589763	0.000625
960.346010	3.589619	0.000622
960.708310	3.589475	0.000619
961.070560	3.589331	0.000615
961.432680	3.589188	0.000612
961.794680	3.589045	0.000610
962.156620	3.588902	0.000607
962.518430	3.588760	0.000604
962.880130	3.588618	0.000601
963.241700	3.588476	0.000598
963.603210	3.588334	0.000595
963.964600	3.588192	0.000591
964.325870	3.588050	0.000588
964.687070	3.587908	0.000585
965.048160	3.587766	0.000583
965.409120	3.587625	0.000580
965.770020	3.587485	0.000577
966.130800	3.587344	0.000574
966.491460	3.587203	0.000571
966.851990	3.587063	0.000568
967.212460	3.586922	0.000565
967.572810	3.586782	0.000562
967.933040	3.586643	0.000560
968.293210	3.586504	0.000557
968.653200	3.586365	0.000554
969.013180	3.586227	0.000551
969.372990	3.586089	0.000548
969.732730	3.585952	0.000545
970.092350	3.585815	0.000542
970.451840	3.585677	0.000539
970.811280	3.585539	0.000536
971.170590	3.585401	0.000534
971.529790	3.585264	0.000531
971.888850	3.585126	0.000529
972.247860	3.584988	0.000526
972.606750	3.584851	0.000523
972.965580	3.584714	0.000520
973.324220	3.584578	0.000518
973.682800	3.584442	0.000515
974.041260	3.584306	0.000513
974.399660	3.584171	0.000510
974.757930	3.584035	0.000507
975.116090	3.583900	0.000504
975.474120	3.583766	0.000502
975.832090	3.583631	0.000499
976.189940	3.583497	0.000497
976.547730	3.583362	0.000494
976.905330	3.583228	0.000492
977.262880	3.583093	0.000489
977.620300	3.582959	0.000486
977.977660	3.582825	0.000483
978.334840	3.582692	0.000481
978.692020	3.582559	0.000478
979.049010	3.582426	0.000476
979.405940	3.582293	0.000473
979.762760	3.582161	0.000471
980.119450	3.582029	0.000468
980.476010	3.581897	0.000466
980.832520	3.581766	0.000463
981.188900	3.581634	0.000461
981.545230	3.581503	0.000458
981.901370	3.581371	0.000456
982.257510	3.581240	0.000453
982.613460	3.581109	0.000451
982.969300	3.580978	0.000449
983.325070	3.580848	0.000447
983.680790	3.580717	0.000444
984.036320	3.580587	0.000442
984.391780	3.580457	0.000439
984.747130	3.580326	0.000437
985.102360	3.580197	0.000434
985.457520	3.580067	0.000432
985.812560	3.579937	0.000429
986.167480	3.579808	0.000427
986.522340	3.579680	0.000425
986.877010	3.579551	0.000423
987.231690	3.579424	0.000420
987.586180	3.579296	0.000418
987.940610	3.579168	0.000415
988.294920	3.579041	0.000413
988.649110	3.578913	0.000411
989.003230	3.578785	0.000409
989.357180	3.578657	0.000407
989.711120	3.578529	0.000405
990.064880	3.578402	0.000403
990.418580	3.578275	0.000401
990.772160	3.578149	0.000398
991.125610	3.578023	0.000396
991.479000	3.577897	0.000394
991.832280	3.577771	0.000391
992.185420	3.577645	0.000389
992.538510	3.577520	0.000387
992.891420	3.577395	0.000385
993.244320	3.577271	0.000383
993.597050	3.577146	0.000380
993.949710	3.577021	0.000378
994.302250	3.576896	0.000376
994.654660	3.576771	0.000374
995.007020	3.576647	0.000372
995.359190	3.576522	0.000370
995.711360	3.576397	0.000368
996.063350	3.576273	0.000366
996.415280	3.576150	0.000364
996.767090	3.576027	0.000362
997.118770	3.575905	0.000360
997.470400	3.575782	0.000358
997.821900	3.575660	0.000356
998.173280	3.575538	0.000354
998.524600	3.575415	0.000352
998.875730	3.575292	0.000350
999.226810	3.575170	0.000348
999.577820	3.575048	0.000346
999.928710	3.574926	0.000343
