# wavelength_nm	n	k
# Interpolated from Woollam data to StellarNet BlackComet grid (400-1000 nm)
400.248140	1.475137	-0.000000
400.746060	1.475083	-0.000000
401.243900	1.475029	0.000000
401.741610	1.474976	0.000000
402.239230	1.474922	-0.000000
402.736760	1.474869	-0.000000
403.234160	1.474816	0.000000
403.731480	1.474764	0.000000
404.228670	1.474712	-0.000000
404.725770	1.474660	-0.000000
405.222780	1.474608	0.000000
405.719670	1.474555	0.000000
406.216430	1.474504	-0.000000
406.713130	1.474452	-0.000000
407.209720	1.474401	0.000000
407.706180	1.474350	0.000000
408.202550	1.474299	-0.000000
408.698820	1.474249	-0.000000
409.194980	1.474199	0.000000
409.691040	1.474149	0.000000
410.186980	1.474099	-0.000000
410.682830	1.474050	-0.000000
411.178590	1.474000	0.000000
411.674220	1.473951	0.000000
412.169770	1.473901	-0.000000
412.665190	1.473852	-0.000000
413.160520	1.473803	0.000000
413.655730	1.473755	0.000000
414.150880	1.473706	-0.000000
414.645870	1.473658	-0.000000
415.140780	1.473610	0.000000
415.635590	1.473563	0.000000
416.130310	1.473515	-0.000000
416.624910	1.473468	-0.000000
417.119380	1.473421	0.000000
417.613800	1.473374	0.000000
418.108060	1.473327	-0.000000
418.602260	1.473280	-0.000000
419.096340	1.473234	0.000000
419.590300	1.473187	0.000000
420.084200	1.473141	-0.000000
420.577940	1.473095	-0.000000
421.071620	1.473049	0.000000
421.565160	1.473004	0.000000
422.058620	1.472959	-0.000000
422.551970	1.472913	-0.000000
423.045230	1.472868	0.000000
423.538360	1.472823	0.000000
424.031400	1.472778	-0.000000
424.524320	1.472734	-0.000000
425.017150	1.472689	0.000000
425.509890	1.472646	0.000000
426.002500	1.472602	-0.000000
426.495030	1.472558	-0.000000
426.987430	1.472514	-0.000000
427.479740	1.472470	0.000000
427.971950	1.472426	0.000000
428.464050	1.472383	-0.000000
428.956050	1.472341	-0.000000
429.447940	1.472298	0.000000
429.939730	1.472255	0.000000
430.431400	1.472212	-0.000000
430.922970	1.472170	-0.000000
431.414460	1.472128	0.000000
431.905820	1.472086	0.000000
432.397090	1.472044	-0.000000
432.888240	1.472002	-0.000000
433.379300	1.471960	0.000000
433.870270	1.471919	0.000000
434.361110	1.471878	-0.000000
434.851870	1.471836	-0.000000
435.342500	1.471795	0.000000
435.833040	1.471754	0.000000
436.323490	1.471713	-0.000000
436.813810	1.471673	-0.000000
437.304050	1.471633	0.000000
437.794160	1.471592	0.000000
438.284180	1.471552	-0.000000
438.774080	1.471512	-0.000000
439.263890	1.471473	0.000000
439.753600	1.471433	0.000000
440.243190	1.471393	-0.000000
440.732700	1.471353	-0.000000
441.222080	1.471314	0.000000
441.711360	1.471276	0.000000
442.200560	1.471237	-0.000000
442.689640	1.471198	-0.000000
443.178620	1.471159	0.000000
443.667480	1.471120	0.000000
444.156250	1.471082	-0.000000
444.644930	1.471044	-0.000000
445.133480	1.471006	0.000000
445.621920	1.470967	0.000000
446.110290	1.470929	-0.000000
446.598510	1.470892	-0.000000
447.086670	1.470854	0.000000
447.574710	1.470817	0.000000
448.062620	1.470779	-0.000000
448.550480	1.470742	-0.000000
449.038180	1.470705	0.000000
449.525820	1.470668	0.000000
450.013340	1.470631	-0.000000
450.500730	1.470594	-0.000000
450.988070	1.470558	-0.000000
451.475250	1.470522	0.000000
451.962370	1.470486	0.000000
452.449340	1.470449	-0.000000
452.936250	1.470413	-0.000000
453.423030	1.470377	0.000000
453.909730	1.470342	0.000000
454.396300	1.470306	-0.000000
454.882780	1.470271	-0.000000
455.369140	1.470235	0.000000
455.855410	1.470199	0.000000
456.341580	1.470164	-0.000000
456.827640	1.470129	-0.000000
457.313600	1.470094	0.000000
457.799440	1.470059	0.000000
458.285190	1.470025	-0.000000
458.770840	1.469990	-0.000000
459.256380	1.469956	0.000000
459.741790	1.469921	0.000000
460.227140	1.469887	-0.000000
460.712370	1.469853	-0.000000
461.197480	1.469819	0.000000
461.682500	1.469785	0.000000
462.167420	1.469751	-0.000000
462.652220	1.469718	-0.000000
463.136930	1.469685	0.000000
463.621520	1.469651	0.000000
464.106020	1.469618	-0.000000
464.590420	1.469584	-0.000000
465.074710	1.469551	0.000000
465.558900	1.469518	0.000000
466.042970	1.469486	-0.000000
466.526950	1.469453	-0.000000
467.010830	1.469420	0.000000
467.494600	1.469387	0.000000
467.978240	1.469354	0.000000
468.461820	1.469322	-0.000000
468.945280	1.469291	-0.000000
469.428620	1.469259	0.000000
469.911870	1.469227	0.000000
470.395020	1.469195	-0.000000
470.878050	1.469163	-0.000000
471.360990	1.469131	0.000000
471.843810	1.469099	0.000000
472.326540	1.469068	-0.000000
472.809170	1.469036	-0.000000
473.291690	1.469005	0.000000
473.774110	1.468974	0.000000
474.256410	1.468944	-0.000000
474.738620	1.468913	-0.000000
475.220700	1.468882	0.000000
475.702700	1.468851	0.000000
476.184600	1.468820	-0.000000
476.666380	1.468789	-0.000000
477.148070	1.468759	0.000000
477.629670	1.468728	0.000000
478.111150	1.468698	-0.000000
478.592500	1.468668	-0.000000
479.073760	1.468637	0.000000
479.554930	1.468608	0.000000
480.036010	1.468578	-0.000000
480.516970	1.468548	-0.000000
480.997800	1.468518	-0.000000
481.478550	1.468489	0.000000
481.959200	1.468459	0.000000
482.439730	1.468430	-0.000000
482.920170	1.468401	-0.000000
483.400510	1.468371	0.000000
483.880740	1.468342	0.000000
484.360840	1.468313	-0.000000
484.840880	1.468285	-0.000000
485.320770	1.468255	0.000000
485.800600	1.468226	0.000000
486.280300	1.468197	-0.000000
486.759890	1.468169	-0.000000
487.239410	1.468141	0.000000
487.718780	1.468113	0.000000
488.198090	1.468084	-0.000000
488.677280	1.468056	-0.000000
489.156340	1.468028	0.000000
489.635310	1.467999	0.000000
490.114200	1.467971	-0.000000
490.592960	1.467944	-0.000000
491.071620	1.467916	0.000000
491.550200	1.467888	0.000000
492.028660	1.467860	-0.000000
492.506990	1.467833	-0.000000
492.985260	1.467806	-0.000000
493.463380	1.467778	0.000000
493.941440	1.467750	0.000000
494.419370	1.467723	-0.000000
494.897190	1.467697	-0.000000
495.374940	1.467670	0.000000
495.852540	1.467642	0.000000
496.330080	1.467615	-0.000000
496.807500	1.467589	-0.000000
497.284790	1.467562	0.000000
497.761990	1.467535	0.000000
498.239110	1.467509	-0.000000
498.716090	1.467482	-0.000000
499.192990	1.467455	0.000000
499.669770	1.467430	0.000000
500.146450	1.467404	-0.000000
500.623050	1.467378	-0.000000
501.099520	1.467351	0.000000
501.575900	1.467325	0.000000
502.052190	1.467299	-0.000000
502.528320	1.467273	-0.000000
503.004390	1.467248	0.000000
503.480350	1.467222	0.000000
503.956210	1.467196	0.000000
504.431950	1.467171	-0.000000
504.907590	1.467145	-0.000000
505.383150	1.467120	0.000000
505.858580	1.467094	0.000000
506.333890	1.467069	-0.000000
506.809140	1.467044	-0.000000
507.284240	1.467019	0.000000
507.759280	1.466995	0.000000
508.234190	1.466970	-0.000000
508.709010	1.466944	-0.000000
509.183720	1.466919	0.000000
509.658330	1.466895	0.000000
510.132810	1.466870	-0.000000
510.607210	1.466845	-0.000000
511.081480	1.466821	0.000000
511.555690	1.466797	0.000000
512.029790	1.466772	-0.000000
512.503720	1.466748	-0.000000
512.977600	1.466724	-0.000000
513.451350	1.466700	0.000000
513.925050	1.466676	0.000000
514.398620	1.466652	-0.000000
514.872070	1.466627	-0.000000
515.345400	1.466604	0.000000
515.818660	1.466580	0.000000
516.291810	1.466556	-0.000000
516.764830	1.466533	-0.000000
517.237790	1.466509	0.000000
517.710630	1.466485	0.000000
518.183350	1.466462	-0.000000
518.655940	1.466438	-0.000000
519.128480	1.466415	0.000000
519.600890	1.466392	0.000000
520.073240	1.466368	-0.000000
520.545410	1.466345	-0.000000
521.017520	1.466322	0.000000
521.489500	1.466300	0.000000
521.961430	1.466277	0.000000
522.433230	1.466254	-0.000000
522.904910	1.466231	-0.000000
523.376460	1.466208	0.000000
523.847960	1.466185	0.000000
524.319340	1.466163	-0.000000
524.790590	1.466140	-0.000000
525.261780	1.466117	0.000000
525.732850	1.466095	0.000000
526.203800	1.466072	-0.000000
526.674620	1.466050	-0.000000
527.145390	1.466028	0.000000
527.616030	1.466006	0.000000
528.086550	1.465984	-0.000000
528.557010	1.465962	-0.000000
529.027340	1.465940	0.000000
529.497560	1.465918	0.000000
529.967710	1.465896	0.000000
530.437740	1.465874	-0.000000
530.907650	1.465852	-0.000000
531.377440	1.465831	0.000000
531.847170	1.465809	0.000000
532.316770	1.465787	-0.000000
532.786250	1.465766	-0.000000
533.255680	1.465744	0.000000
533.724910	1.465723	0.000000
534.194150	1.465701	-0.000000
534.663210	1.465680	-0.000000
535.132200	1.465659	0.000000
535.601070	1.465638	0.000000
536.069820	1.465617	-0.000000
536.538510	1.465596	-0.000000
537.007080	1.465575	0.000000
537.475520	1.465554	0.000000
537.943850	1.465533	0.000000
538.412110	1.465512	-0.000000
538.880250	1.465491	-0.000000
539.348330	1.465471	0.000000
539.816220	1.465450	0.000000
540.284060	1.465429	-0.000000
540.751830	1.465409	-0.000000
541.219420	1.465388	0.000000
541.686950	1.465368	0.000000
542.154360	1.465347	-0.000000
542.621700	1.465327	-0.000000
543.088870	1.465306	0.000000
543.555970	1.465286	0.000000
544.023010	1.465266	-0.000000
544.489870	1.465246	-0.000000
544.956670	1.465226	-0.000000
545.423400	1.465206	0.000000
545.889950	1.465186	0.000000
546.356450	1.465166	-0.000000
546.822810	1.465146	-0.000000
547.289060	1.465126	0.000000
547.755250	1.465106	0.000000
548.221310	1.465087	-0.000000
548.687260	1.465067	-0.000000
549.153140	1.465048	0.000000
549.618900	1.465028	0.000000
550.084530	1.465008	-0.000000
550.550050	1.464989	-0.000000
551.015500	1.464969	0.000000
551.480830	1.464950	0.000000
551.946040	1.464930	0.000000
552.411190	1.464911	-0.000000
552.876220	1.464892	-0.000000
553.341130	1.464873	0.000000
553.805910	1.464854	0.000000
554.270630	1.464835	-0.000000
554.735230	1.464816	-0.000000
555.199770	1.464797	0.000000
555.664120	1.464778	0.000000
556.128420	1.464759	-0.000000
556.592590	1.464740	-0.000000
557.056700	1.464722	0.000000
557.520690	1.464703	0.000000
557.984560	1.464684	0.000000
558.448300	1.464665	-0.000000
558.911990	1.464647	-0.000000
559.375550	1.464628	0.000000
559.838990	1.464609	0.000000
560.302370	1.464591	-0.000000
560.765630	1.464573	-0.000000
561.228760	1.464555	0.000000
561.691830	1.464536	0.000000
562.154720	1.464518	-0.000000
562.617550	1.464500	-0.000000
563.080320	1.464482	0.000000
563.542910	1.464464	0.000000
564.005430	1.464446	-0.000000
564.467900	1.464427	-0.000000
564.930180	1.464409	-0.000000
565.392400	1.464391	0.000000
565.854490	1.464374	0.000000
566.316530	1.464356	-0.000000
566.778380	1.464338	-0.000000
567.240170	1.464320	0.000000
567.701900	1.464302	0.000000
568.163450	1.464285	-0.000000
568.624940	1.464267	-0.000000
569.086300	1.464249	0.000000
569.547610	1.464231	0.000000
570.008730	1.464214	-0.000000
570.469850	1.464197	-0.000000
570.930790	1.464180	-0.000000
571.391660	1.464162	0.000000
571.852360	1.464145	0.000000
572.313050	1.464127	-0.000000
572.773560	1.464110	-0.000000
573.234010	1.464092	0.000000
573.694340	1.464075	0.000000
574.154600	1.464058	-0.000000
574.614690	1.464041	-0.000000
575.074710	1.464024	0.000000
575.534670	1.464007	0.000000
575.994450	1.463990	0.000000
576.454160	1.463973	-0.000000
576.913760	1.463956	-0.000000
577.373290	1.463940	0.000000
577.832640	1.463923	0.000000
578.291930	1.463906	-0.000000
578.751160	1.463889	-0.000000
579.210210	1.463872	0.000000
579.669190	1.463856	0.000000
580.128110	1.463839	-0.000000
580.586850	1.463823	-0.000000
581.045530	1.463806	0.000000
581.504090	1.463790	0.000000
581.962520	1.463773	0.000000
582.420900	1.463757	-0.000000
582.879150	1.463740	-0.000000
583.337280	1.463724	0.000000
583.795350	1.463707	0.000000
584.253300	1.463691	-0.000000
584.711120	1.463675	-0.000000
585.168820	1.463659	0.000000
585.626460	1.463642	0.000000
586.083980	1.463626	-0.000000
586.541440	1.463610	-0.000000
586.998720	1.463594	-0.000000
587.455930	1.463578	0.000000
587.913020	1.463562	0.000000
588.370060	1.463546	-0.000000
588.826970	1.463530	-0.000000
589.283750	1.463514	0.000000
589.740420	1.463499	0.000000
590.197020	1.463483	-0.000000
590.653500	1.463467	-0.000000
591.109860	1.463451	0.000000
591.566160	1.463436	0.000000
592.022340	1.463420	-0.000000
592.478390	1.463405	-0.000000
592.934330	1.463389	-0.000000
593.390200	1.463374	0.000000
593.845950	1.463358	0.000000
594.301570	1.463343	-0.000000
594.757140	1.463327	-0.000000
595.212590	1.463312	0.000000
595.667910	1.463296	0.000000
596.123110	1.463281	-0.000000
596.578250	1.463265	-0.000000
597.033260	1.463250	0.000000
597.488220	1.463235	0.000000
597.942990	1.463220	0.000000
598.397710	1.463205	-0.000000
598.852360	1.463190	-0.000000
599.306820	1.463175	0.000000
599.761230	1.463159	0.000000
600.215520	1.463144	-0.000000
600.669740	1.463130	-0.000000
601.123780	1.463115	0.000000
601.577760	1.463100	0.000000
602.031680	1.463085	-0.000000
602.485410	1.463070	-0.000000
602.939090	1.463055	-0.000000
603.392640	1.463040	0.000000
603.846130	1.463026	0.000000
604.299500	1.463011	-0.000000
604.752750	1.462996	-0.000000
605.205870	1.462981	0.000000
605.658940	1.462967	0.000000
606.111880	1.462952	-0.000000
606.564700	1.462938	-0.000000
607.017460	1.462923	0.000000
607.470030	1.462908	0.000000
607.922610	1.462893	0.000000
608.375000	1.462879	-0.000000
608.827330	1.462865	-0.000000
609.279540	1.462851	0.000000
609.731630	1.462837	0.000000
610.183650	1.462822	-0.000000
610.635560	1.462808	-0.000000
611.087340	1.462793	0.000000
611.539000	1.462779	0.000000
611.990600	1.462765	0.000000
612.442080	1.462751	-0.000000
612.893430	1.462737	-0.000000
613.344730	1.462723	0.000000
613.795900	1.462708	0.000000
614.246950	1.462694	-0.000000
614.697940	1.462680	-0.000000
615.148800	1.462666	0.000000
615.599550	1.462652	0.000000
616.050170	1.462638	-0.000000
616.500730	1.462625	-0.000000
616.951170	1.462611	-0.000000
617.401490	1.462598	0.000000
617.851750	1.462584	0.000000
618.301880	1.462570	-0.000000
618.751890	1.462556	-0.000000
619.201780	1.462542	0.000000
619.651610	1.462529	0.000000
620.101320	1.462515	-0.000000
620.550960	1.462501	-0.000000
621.000430	1.462487	0.000000
621.449830	1.462473	0.000000
621.899110	1.462460	0.000000
622.348330	1.462447	-0.000000
622.797420	1.462433	-0.000000
623.246400	1.462420	0.000000
623.695250	1.462406	0.000000
624.144040	1.462393	-0.000000
624.592710	1.462380	-0.000000
625.041260	1.462367	0.000000
625.489750	1.462353	0.000000
625.938110	1.462340	0.000000
626.386350	1.462326	-0.000000
626.834470	1.462313	-0.000000
627.282530	1.462300	0.000000
627.730470	1.462287	0.000000
628.178280	1.462274	-0.000000
628.626040	1.462260	-0.000000
629.073670	1.462247	0.000000
629.521180	1.462234	0.000000
629.968630	1.462221	0.000000
630.415950	1.462208	-0.000000
630.863160	1.462195	-0.000000
631.310240	1.462182	0.000000
631.757260	1.462169	0.000000
632.204160	1.462156	-0.000000
632.650940	1.462143	-0.000000
633.097660	1.462130	0.000000
633.544250	1.462117	0.000000
633.990720	1.462104	0.000000
634.437070	1.462092	-0.000000
634.883360	1.462079	-0.000000
635.329530	1.462066	0.000000
635.775570	1.462053	0.000000
636.221560	1.462041	-0.000000
636.667420	1.462028	-0.000000
637.113160	1.462016	0.000000
637.558840	1.462003	0.000000
638.004330	1.461991	-0.000000
638.449830	1.461978	-0.000000
638.895140	1.461965	-0.000000
639.340390	1.461952	0.000000
639.785520	1.461940	0.000000
640.230530	1.461928	-0.000000
640.675420	1.461915	-0.000000
641.120240	1.461903	0.000000
641.564940	1.461891	0.000000
642.009580	1.461879	-0.000000
642.454100	1.461866	-0.000000
642.898500	1.461854	-0.000000
643.342770	1.461841	0.000000
643.786990	1.461829	0.000000
644.231080	1.461817	-0.000000
644.675050	1.461805	-0.000000
645.118900	1.461793	0.000000
645.562680	1.461780	0.000000
646.006350	1.461768	-0.000000
646.449950	1.461756	-0.000000
646.893370	1.461744	-0.000000
647.336730	1.461732	0.000000
647.779970	1.461720	0.000000
648.223140	1.461708	-0.000000
648.666200	1.461695	-0.000000
649.109130	1.461683	0.000000
649.551940	1.461671	0.000000
649.994690	1.461659	0.000000
650.437320	1.461647	-0.000000
650.879880	1.461635	-0.000000
651.322270	1.461624	0.000000
651.764590	1.461612	0.000000
652.206790	1.461601	-0.000000
652.648930	1.461589	-0.000000
653.090940	1.461577	0.000000
653.532840	1.461564	0.000000
653.974610	1.461553	0.000000
654.416320	1.461541	-0.000000
654.857910	1.461530	-0.000000
655.299380	1.461518	0.000000
655.740720	1.461506	0.000000
656.182010	1.461494	-0.000000
656.623170	1.461483	-0.000000
657.064270	1.461471	0.000000
657.505250	1.461460	0.000000
657.946110	1.461448	0.000000
658.386840	1.461437	-0.000000
658.827450	1.461425	-0.000000
659.268010	1.461414	0.000000
659.708500	1.461403	0.000000
660.148800	1.461391	-0.000000
660.589050	1.461380	-0.000000
661.029170	1.461368	0.000000
661.469180	1.461357	0.000000
661.909120	1.461345	0.000000
662.348940	1.461334	-0.000000
662.788640	1.461322	-0.000000
663.228270	1.461311	0.000000
663.667790	1.461300	0.000000
664.107180	1.461289	-0.000000
664.546450	1.461278	-0.000000
664.985660	1.461266	-0.000000
665.424740	1.461255	0.000000
665.863710	1.461244	0.000000
666.302610	1.461233	-0.000000
666.741390	1.461222	-0.000000
667.180050	1.461210	0.000000
667.618590	1.461200	0.000000
668.057070	1.461189	-0.000000
668.495420	1.461177	-0.000000
668.933650	1.461166	-0.000000
669.371830	1.461155	0.000000
669.809880	1.461145	0.000000
670.247800	1.461134	-0.000000
670.685670	1.461123	-0.000000
671.123410	1.461112	0.000000
671.561040	1.461101	0.000000
671.998540	1.461090	0.000000
672.435970	1.461079	-0.000000
672.873290	1.461068	-0.000000
673.310490	1.461057	0.000000
673.747620	1.461046	0.000001
674.184630	1.461035	0.000001
674.621520	1.461024	0.000001
675.058290	1.461014	0.000001
675.495000	1.461003	0.000001
675.931580	1.460993	0.000001
676.368040	1.460982	0.000001
676.804440	1.460971	0.000001
677.240720	1.460960	0.000001
677.676880	1.460950	0.000001
678.112980	1.460939	0.000001
678.548950	1.460928	0.000001
678.984800	1.460917	0.000001
679.420530	1.460907	0.000001
679.856200	1.460896	0.000001
680.291750	1.460886	0.000001
680.727170	1.460876	0.000001
681.162540	1.460865	0.000001
681.597780	1.460855	0.000001
682.032900	1.460844	0.000001
682.467900	1.460834	0.000001
682.902830	1.460823	0.000001
683.337650	1.460813	0.000001
683.772340	1.460802	0.000001
684.206970	1.460792	0.000001
684.641480	1.460781	0.000001
685.075870	1.460771	0.000001
685.510190	1.460761	0.000001
685.944340	1.460751	0.000001
686.378480	1.460741	0.000001
686.812440	1.460731	0.000001
687.246340	1.460720	0.000001
687.680110	1.460710	0.000001
688.113770	1.460699	0.000001
688.547300	1.460689	0.000001
688.980770	1.460679	0.000001
689.414180	1.460669	0.000001
689.847410	1.460659	0.000001
690.280580	1.460648	0.000001
690.713620	1.460639	0.000001
691.146550	1.460629	0.000001
691.579410	1.460619	0.000001
692.012150	1.460609	0.000001
692.444760	1.460599	0.000001
692.877260	1.460589	0.000001
693.309690	1.460579	0.000001
693.742000	1.460568	0.000001
694.174260	1.460558	0.000001
694.606320	1.460548	0.000001
695.038330	1.460538	0.000001
695.470280	1.460528	0.000001
695.902040	1.460518	0.000001
696.333740	1.460508	0.000001
696.765320	1.460498	0.000001
697.196840	1.460489	0.000001
697.628170	1.460479	0.000001
698.059450	1.460470	0.000001
698.490660	1.460460	0.000001
698.921690	1.460450	0.000001
699.352660	1.460440	0.000001
699.783510	1.460430	0.000001
700.214290	1.460420	0.000001
700.644960	1.460411	0.000001
701.075500	1.460401	0.000001
701.505920	1.460391	0.000001
701.936280	1.460381	0.000001
702.366520	1.460372	0.000001
702.796630	1.460363	0.000001
703.226680	1.460353	0.000001
703.656560	1.460343	0.000001
704.086430	1.460333	0.000001
704.516110	1.460324	0.000001
704.945740	1.460314	0.000001
705.375240	1.460305	0.000001
705.804630	1.460295	0.000001
706.233950	1.460286	0.000001
706.663150	1.460276	0.000001
707.092220	1.460267	0.000001
707.521180	1.460258	0.000001
707.950070	1.460248	0.000001
708.378850	1.460239	0.000001
708.807560	1.460229	0.000001
709.236080	1.460220	0.000001
709.664550	1.460210	0.000001
710.092900	1.460201	0.000001
710.521180	1.460192	0.000001
710.949340	1.460182	0.000001
711.377380	1.460173	0.000001
711.805300	1.460163	0.000001
712.233150	1.460154	0.000001
712.660890	1.460144	0.000001
713.088500	1.460135	0.000001
713.516050	1.460126	0.000001
713.943480	1.460116	0.000001
714.370790	1.460107	0.000001
714.798030	1.460098	0.000001
715.225100	1.460089	0.000001
715.652100	1.460080	0.000001
716.079040	1.460070	0.000001
716.505800	1.460061	0.000001
716.932500	1.460052	0.000001
717.359130	1.460043	0.000001
717.785580	1.460034	0.000001
718.211980	1.460024	0.000001
718.638240	1.460015	0.000001
719.064450	1.460007	0.000001
719.490480	1.459998	0.000001
719.916440	1.459989	0.000001
720.342350	1.459979	0.000001
720.768070	1.459970	0.000001
721.193730	1.459961	0.000001
721.619260	1.459952	0.000001
722.044740	1.459943	0.000001
722.470030	1.459934	0.000001
722.895260	1.459925	0.000001
723.320430	1.459916	0.000001
723.745420	1.459907	0.000001
724.170350	1.459898	0.000001
724.595210	1.459890	0.000001
725.019900	1.459881	0.000001
725.444520	1.459872	0.000001
725.869020	1.459863	0.000001
726.293460	1.459854	0.000001
726.717710	1.459845	0.000001
727.141910	1.459836	0.000001
727.566040	1.459827	0.000001
727.989990	1.459818	0.000001
728.413880	1.459810	0.000001
728.837650	1.459801	0.000001
729.261350	1.459793	0.000001
729.684880	1.459784	0.000001
730.108340	1.459775	0.000001
730.531740	1.459766	0.000001
730.954960	1.459757	0.000001
731.378110	1.459748	0.000001
731.801210	1.459740	0.000001
732.224120	1.459732	0.000001
732.646970	1.459723	0.000001
733.069700	1.459715	0.000001
733.492310	1.459706	0.000001
733.914860	1.459697	0.000001
734.337280	1.459688	0.000001
734.759580	1.459680	0.000001
735.181820	1.459671	0.000001
735.603940	1.459663	0.000001
736.025940	1.459654	0.000001
736.447810	1.459646	0.000001
736.869630	1.459637	0.000001
737.291320	1.459628	0.000001
737.712950	1.459620	0.000001
738.134400	1.459611	0.000001
738.555790	1.459603	0.000001
738.977050	1.459594	0.000001
739.398250	1.459586	0.000001
739.819340	1.459578	0.000001
740.240300	1.459569	0.000001
740.661130	1.459561	0.000001
741.081910	1.459552	0.000001
741.502560	1.459544	0.000001
741.923100	1.459536	0.000001
742.343570	1.459527	0.000001
742.763850	1.459519	0.000001
743.184140	1.459510	0.000001
743.604250	1.459502	0.000001
744.024290	1.459494	0.000001
744.444210	1.459485	0.000001
744.864010	1.459477	0.000001
745.283750	1.459468	0.000001
745.703370	1.459460	0.000001
746.122860	1.459452	0.000001
746.542240	1.459444	0.000001
746.961550	1.459436	0.000001
747.380740	1.459428	0.000001
747.799870	1.459419	0.000001
748.218810	1.459411	0.000001
748.637700	1.459402	0.000001
749.056520	1.459394	0.000001
749.475160	1.459386	0.000001
749.893740	1.459378	0.000001
750.312190	1.459370	0.000001
750.730590	1.459362	0.000001
751.148800	1.459354	0.000001
751.566960	1.459346	0.000001
751.985050	1.459337	0.000001
752.402950	1.459329	0.000001
752.820800	1.459321	0.000001
753.238530	1.459313	0.000001
753.656190	1.459305	0.000001
754.073730	1.459297	0.000001
754.491150	1.459289	0.000001
754.908450	1.459281	0.000001
755.325680	1.459273	0.000001
755.742800	1.459265	0.000001
756.159790	1.459257	0.000001
756.576720	1.459249	0.000001
756.993470	1.459241	0.000001
757.410220	1.459233	0.000001
757.826780	1.459225	0.000001
758.243290	1.459217	0.000001
758.659670	1.459209	0.000001
759.075930	1.459202	0.000001
759.492130	1.459194	0.000001
759.908140	1.459186	0.000001
760.324160	1.459178	0.000001
760.739990	1.459170	0.000001
761.155760	1.459162	0.000001
761.571410	1.459154	0.000001
761.986940	1.459146	0.000001
762.402400	1.459138	0.000001
762.817750	1.459130	0.000001
763.232970	1.459123	0.000001
763.648130	1.459115	0.000001
764.063170	1.459107	0.000001
764.478090	1.459099	0.000001
764.892880	1.459091	0.000001
765.307620	1.459083	0.000001
765.722230	1.459076	0.000001
766.136720	1.459068	0.000001
766.551150	1.459061	0.000001
766.965450	1.459053	0.000001
767.379640	1.459045	0.000001
767.793700	1.459037	0.000001
768.207700	1.459029	0.000001
768.621580	1.459022	0.000001
769.035400	1.459014	0.000001
769.449040	1.459007	0.000001
769.862610	1.458999	0.000001
770.276060	1.458991	0.000001
770.689450	1.458983	0.000001
771.102720	1.458976	0.000001
771.515870	1.458969	0.000001
771.928890	1.458961	0.000001
772.341860	1.458954	0.000001
772.754700	1.458946	0.000001
773.167420	1.458938	0.000001
773.580080	1.458930	0.000001
773.992610	1.458923	0.000001
774.405030	1.458916	0.000001
774.817320	1.458908	0.000001
775.229550	1.458901	0.000001
775.641660	1.458893	0.000001
776.053650	1.458885	0.000001
776.465580	1.458878	0.000001
776.877380	1.458870	0.000001
777.289060	1.458863	0.000001
777.700680	1.458855	0.000001
778.112180	1.458848	0.000001
778.523560	1.458841	0.000001
778.934810	1.458833	0.000001
779.346010	1.458826	0.000001
779.757080	1.458818	0.000001
780.168030	1.458811	0.000001
780.578920	1.458804	0.000001
780.989690	1.458796	0.000001
781.400330	1.458789	0.000001
781.810850	1.458781	0.000001
782.221310	1.458774	0.000001
782.631650	1.458767	0.000001
783.041870	1.458759	0.000001
783.452030	1.458752	0.000001
783.862060	1.458744	0.000001
784.271970	1.458737	0.000001
784.681820	1.458730	0.000001
785.091490	1.458722	0.000001
785.501160	1.458715	0.000001
785.910640	1.458708	0.000001
786.320070	1.458701	0.000001
786.729370	1.458694	0.000001
787.138550	1.458687	0.000001
787.547610	1.458679	0.000001
787.956600	1.458672	0.000001
788.365480	1.458664	0.000001
788.774290	1.458657	0.000001
789.182980	1.458650	0.000001
789.591550	1.458643	0.000001
790.000000	1.458636	0.000001
790.408390	1.458629	0.000001
790.816650	1.458621	0.000001
791.224790	1.458614	0.000001
791.632810	1.458607	0.000001
792.040770	1.458599	0.000001
792.448610	1.458592	0.000001
792.856380	1.458585	0.000001
793.263980	1.458579	0.000001
793.671510	1.458572	0.000001
794.078920	1.458565	0.000001
794.486270	1.458557	0.000001
794.893490	1.458550	0.000001
795.300600	1.458543	0.000001
795.707580	1.458536	0.000001
796.114500	1.458529	0.000001
796.521300	1.458522	0.000001
796.928040	1.458514	0.000001
797.334590	1.458507	0.000001
797.741090	1.458500	0.000001
798.147460	1.458494	0.000001
798.553770	1.458487	0.000001
798.959960	1.458480	0.000001
799.366030	1.458473	0.000001
799.771970	1.458466	0.000001
800.177860	1.458459	0.000001
800.583620	1.458451	0.000001
800.989260	1.458444	0.000001
801.394780	1.458437	0.000001
801.800230	1.458430	0.000001
802.205570	1.458424	0.000001
802.610840	1.458417	0.000001
803.015990	1.458410	0.000001
803.421020	1.458403	0.000001
803.825930	1.458396	0.000001
804.230770	1.458389	0.000001
804.635440	1.458382	0.000001
805.040100	1.458375	0.000001
805.444580	1.458368	0.000001
805.849000	1.458362	0.000001
806.253300	1.458355	0.000001
806.657470	1.458348	0.000001
807.061580	1.458341	0.000001
807.465580	1.458334	0.000001
807.869450	1.458327	0.000001
808.273250	1.458320	0.000001
808.676940	1.458313	0.000001
809.080510	1.458307	0.000001
809.483950	1.458300	0.000001
809.887330	1.458294	0.000001
810.290590	1.458287	0.000001
810.693730	1.458280	0.000001
811.096800	1.458273	0.000001
811.499760	1.458267	0.000001
811.902590	1.458260	0.000001
812.305300	1.458253	0.000001
812.707950	1.458246	0.000001
813.110470	1.458239	0.000001
813.512940	1.458233	0.000001
813.915220	1.458226	0.000001
814.317440	1.458220	0.000001
814.719540	1.458213	0.000001
815.121580	1.458206	0.000001
815.523500	1.458199	0.000001
815.925290	1.458192	0.000001
816.326970	1.458186	0.000001
816.728580	1.458179	0.000001
817.130070	1.458173	0.000001
817.531430	1.458166	0.000001
817.932740	1.458159	0.000001
818.333920	1.458153	0.000001
818.734990	1.458146	0.000001
819.135930	1.458140	0.000001
819.536800	1.458133	0.000001
819.937560	1.458126	0.000001
820.338260	1.458120	0.000001
820.738770	1.458113	0.000001
821.139220	1.458107	0.000001
821.539550	1.458100	0.000001
821.939820	1.458093	0.000001
822.339970	1.458086	0.000001
822.739990	1.458080	0.000001
823.139890	1.458074	0.000001
823.539730	1.458067	0.000001
823.939450	1.458061	0.000001
824.339050	1.458054	0.000001
824.738590	1.458047	0.000001
825.138000	1.458041	0.000001
825.537290	1.458034	0.000001
825.936460	1.458028	0.000001
826.335570	1.458022	0.000001
826.734560	1.458015	0.000001
827.133420	1.458009	0.000001
827.532230	1.458002	0.000001
827.930910	1.457996	0.000001
828.329470	1.457990	0.000001
828.727970	1.457983	0.000001
829.126340	1.457977	0.000001
829.524600	1.457970	0.000001
829.922730	1.457963	0.000001
830.320800	1.457957	0.000001
830.718750	1.457950	0.000001
831.116580	1.457944	0.000001
831.514340	1.457938	0.000001
831.911930	1.457931	0.000001
832.309510	1.457925	0.000001
832.706910	1.457919	0.000001
833.104250	1.457912	0.000001
833.501460	1.457906	0.000001
833.898560	1.457900	0.000001
834.295590	1.457893	0.000001
834.692500	1.457887	0.000001
835.089290	1.457881	0.000001
835.485960	1.457874	0.000001
835.882570	1.457868	0.000001
836.279050	1.457861	0.000001
836.675480	1.457855	0.000001
837.071720	1.457849	0.000001
837.467900	1.457843	0.000001
837.864010	1.457837	0.000001
838.259950	1.457831	0.000001
838.655820	1.457825	0.000001
839.051570	1.457818	0.000001
839.447270	1.457812	0.000001
839.842770	1.457806	0.000001
840.238220	1.457799	0.000001
840.633610	1.457793	0.000001
841.028810	1.457787	0.000001
841.423950	1.457780	0.000001
841.818970	1.457774	0.000001
842.213930	1.457768	0.000001
842.608760	1.457762	0.000001
843.003480	1.457756	0.000001
843.398070	1.457750	0.000001
843.792600	1.457743	0.000001
844.187010	1.457737	0.000001
844.581300	1.457731	0.000001
844.975520	1.457724	0.000001
845.369630	1.457718	0.000001
845.763610	1.457713	0.000001
846.157470	1.457707	0.000001
846.551270	1.457700	0.000001
846.944950	1.457694	0.000001
847.338500	1.457688	0.000001
847.731990	1.457682	0.000001
848.125370	1.457676	0.000001
848.518620	1.457670	0.000001
848.911740	1.457663	0.000001
849.304810	1.457657	0.000001
849.697750	1.457651	0.000001
850.090640	1.457645	0.000001
850.483340	1.457639	0.000001
850.875980	1.457633	0.000001
851.268550	1.457627	0.000001
851.660950	1.457620	0.000001
852.053280	1.457614	0.000001
852.445500	1.457608	0.000001
852.837590	1.457602	0.000001
853.229610	1.457597	0.000001
853.621520	1.457591	0.000001
854.013310	1.457585	0.000001
854.405030	1.457579	0.000001
854.796630	1.457572	0.000001
855.188110	1.457566	0.000001
855.579530	1.457560	0.000001
855.970760	1.457554	0.000001
856.362000	1.457549	0.000001
856.753050	1.457543	0.000001
857.144040	1.457537	0.000001
857.534850	1.457530	0.000001
857.925660	1.457524	0.000001
858.316280	1.457518	0.000001
858.706850	1.457512	0.000001
859.097290	1.457507	0.000001
859.487670	1.457501	0.000001
859.877870	1.457495	0.000001
860.268010	1.457489	0.000001
860.658080	1.457483	0.000001
861.047970	1.457477	0.000001
861.437810	1.457472	0.000001
861.827510	1.457466	0.000001
862.217160	1.457460	0.000001
862.606690	1.457453	0.000001
862.996090	1.457447	0.000001
863.385380	1.457441	0.000001
863.774600	1.457435	0.000001
864.163700	1.457430	0.000001
864.552670	1.457424	0.000001
864.941530	1.457418	0.000001
865.330320	1.457412	0.000001
865.718990	1.457406	0.000001
866.107600	1.457400	0.000001
866.496030	1.457395	0.000001
866.884400	1.457389	0.000001
867.272710	1.457383	0.000001
867.660830	1.457377	0.000001
868.048890	1.457371	0.000001
868.436830	1.457365	0.000001
868.824710	1.457360	0.000001
869.212400	1.457354	0.000001
869.600100	1.457348	0.000001
869.987610	1.457342	0.000001
870.375060	1.457336	0.000001
870.762330	1.457331	0.000001
871.149600	1.457325	0.000001
871.536680	1.457319	0.000001
871.923710	1.457313	0.000001
872.310610	1.457307	0.000001
872.697450	1.457301	0.000001
873.084110	1.457296	0.000001
873.470700	1.457290	0.000001
873.857180	1.457285	0.000001
874.243590	1.457279	0.000001
874.629880	1.457274	0.000001
875.016050	1.457268	0.000001
875.402160	1.457262	0.000001
875.788090	1.457256	0.000001
876.173950	1.457250	0.000001
876.559750	1.457245	0.000001
876.945370	1.457239	0.000001
877.330930	1.457233	0.000001
877.716370	1.457227	0.000001
878.101750	1.457222	0.000001
878.487000	1.457216	0.000001
878.872130	1.457211	0.000001
879.257140	1.457205	0.000001
879.642090	1.457199	0.000001
880.026920	1.457194	0.000001
880.411620	1.457188	0.000001
880.796260	1.457182	0.000001
881.180790	1.457176	0.000001
881.565190	1.457171	0.000001
881.949460	1.457166	0.000001
882.333680	1.457160	0.000001
882.717770	1.457154	0.000001
883.101750	1.457148	0.000001
883.485660	1.457143	0.000001
883.869450	1.457137	0.000001
884.253110	1.457131	0.000001
884.636720	1.457126	0.000001
885.020140	1.457121	0.000001
885.403500	1.457115	0.000001
885.786800	1.457109	0.000001
886.169980	1.457104	0.000001
886.552980	1.457098	0.000001
886.935970	1.457093	0.000001
887.318790	1.457087	0.000001
887.701540	1.457081	0.000001
888.084170	1.457076	0.000001
888.466740	1.457070	0.000001
888.849120	1.457065	0.000001
889.231450	1.457060	0.000001
889.613710	1.457054	0.000001
889.995790	1.457048	0.000001
890.377810	1.457043	0.000001
890.759770	1.457037	0.000001
891.141540	1.457032	0.000001
891.523250	1.457026	0.000001
891.904850	1.457020	0.000001
892.286320	1.457015	0.000001
892.667720	1.457010	0.000001
893.049010	1.457004	0.000001
893.430180	1.456999	0.000001
893.811280	1.456994	0.000001
894.192260	1.456988	0.000001
894.573120	1.456982	0.000001
894.953860	1.456977	0.000001
895.334530	1.456971	0.000001
895.715090	1.456966	0.000001
896.095520	1.456961	0.000001
896.475890	1.456955	0.000001
896.856140	1.456950	0.000001
897.236270	1.456944	0.000001
897.616270	1.456939	0.000001
897.996220	1.456933	0.000001
898.376040	1.456928	0.000001
898.755800	1.456922	0.000001
899.135380	1.456917	0.000001
899.514890	1.456912	0.000001
899.894290	1.456906	0.000001
900.273620	1.456901	0.000001
900.652830	1.456896	0.000001
901.031920	1.456891	0.000001
901.410890	1.456885	0.000001
901.789790	1.456879	0.000001
902.168580	1.456874	0.000001
902.547240	1.456868	0.000001
902.925840	1.456863	0.000001
903.304320	1.456858	0.000001
903.682680	1.456852	0.000001
904.060970	1.456847	0.000001
904.439090	1.456842	0.000001
904.817140	1.456837	0.000001
905.195130	1.456831	0.000001
905.572940	1.456826	0.000001
905.950680	1.456821	0.000001
906.328370	1.456815	0.000001
906.705870	1.456810	0.000001
907.083310	1.456805	0.000001
907.460630	1.456800	0.000001
907.837830	1.456794	0.000001
908.214970	1.456789	0.000001
908.591980	1.456783	0.000001
908.968870	1.456777	0.000001
909.345700	1.456772	0.000001
909.722410	1.456767	0.000001
910.099000	1.456762	0.000001
910.475520	1.456756	0.000001
910.851870	1.456751	0.000001
911.228150	1.456746	0.000001
911.604370	1.456741	0.000001
911.980410	1.456735	0.000001
912.356380	1.456730	0.000001
912.732240	1.456725	0.000001
913.108030	1.456720	0.000001
913.483700	1.456715	0.000001
913.859250	1.456710	0.000001
914.234680	1.456705	0.000001
914.610050	1.456700	0.000001
914.985290	1.456694	0.000001
915.360410	1.456689	0.000001
915.735470	1.456684	0.000001
916.110410	1.456678	0.000001
916.485230	1.456673	0.000001
916.859920	1.456668	0.000001
917.234560	1.456663	0.000001
917.609070	1.456657	0.000001
917.983520	1.456652	0.000001
918.357790	1.456647	0.000001
918.731990	1.456642	0.000001
919.106080	1.456637	0.000001
919.480100	1.456631	0.000001
919.854000	1.456626	0.000001
920.227780	1.456621	0.000001
920.601440	1.456615	0.000001
920.975040	1.456610	0.000001
921.348510	1.456605	0.000001
921.721860	1.456601	0.000001
922.095150	1.456596	0.000001
922.468320	1.456591	0.000001
922.841370	1.456585	0.000001
923.214290	1.456580	0.000001
923.587160	1.456575	0.000001
923.959900	1.456570	0.000001
924.332520	1.456564	0.000001
924.705080	1.456559	0.000001
925.077510	1.456554	0.000001
925.449830	1.456549	0.000001
925.822020	1.456544	0.000001
926.194150	1.456539	0.000001
926.566160	1.456534	0.000001
926.938110	1.456529	0.000001
927.309880	1.456524	0.000001
927.681580	1.456518	0.000001
928.053220	1.456513	0.000001
928.424680	1.456508	0.000001
928.796080	1.456504	0.000001
929.167360	1.456499	0.000001
929.538570	1.456494	0.000001
929.909610	1.456488	0.000001
930.280580	1.456483	0.000001
930.651490	1.456478	0.000001
931.022220	1.456473	0.000001
931.392880	1.456468	0.000001
931.763430	1.456463	0.000001
932.133910	1.456458	0.000001
932.504270	1.456453	0.000001
932.874510	1.456448	0.000001
933.244630	1.456443	0.000001
933.614690	1.456438	0.000001
933.984620	1.456433	0.000001
934.354430	1.456428	0.000001
934.724180	1.456423	0.000001
935.093810	1.456418	0.000001
935.463320	1.456413	0.000001
935.832700	1.456408	0.000001
936.202030	1.456403	0.000001
936.571230	1.456398	0.000001
936.940310	1.456393	0.000001
937.309330	1.456388	0.000001
937.678220	1.456382	0.000001
938.047000	1.456377	0.000001
938.415650	1.456373	0.000001
938.784240	1.456368	0.000001
939.152710	1.456363	0.000001
939.521120	1.456358	0.000001
939.889340	1.456353	0.000001
940.257510	1.456348	0.000001
940.625550	1.456343	0.000001
940.993530	1.456338	0.000001
941.361390	1.456333	0.000001
941.729130	1.456329	0.000001
942.096740	1.456324	0.000001
942.464290	1.456318	0.000001
942.831730	1.456313	0.000001
943.199040	1.456308	0.000001
943.566280	1.456304	0.000001
943.933410	1.456299	0.000001
944.300420	1.456294	0.000001
944.667360	1.456289	0.000001
945.034120	1.456284	0.000001
945.400820	1.456279	0.000001
945.767460	1.456274	0.000001
946.133910	1.456269	0.000001
946.500310	1.456265	0.000001
946.866640	1.456260	0.000001
947.232790	1.456255	0.000001
947.598880	1.456250	0.000001
947.964840	1.456244	0.000001
948.330750	1.456240	0.000001
948.696470	1.456235	0.000001
949.062130	1.456230	0.000001
949.427730	1.456226	0.000001
949.793150	1.456221	0.000001
950.158510	1.456216	0.000001
950.523740	1.456211	0.000001
950.888920	1.456206	0.000001
951.253910	1.456201	0.000001
951.618840	1.456196	0.000001
951.983700	1.456191	0.000001
952.348390	1.456187	0.000001
952.713010	1.456182	0.000001
953.077580	1.456177	0.000001
953.441960	1.456172	0.000001
953.806270	1.456167	0.000001
954.170470	1.456163	0.000001
954.534550	1.456158	0.000001
954.898560	1.456153	0.000001
955.262450	1.456148	0.000001
955.626220	1.456143	0.000001
955.989930	1.456138	0.000001
956.353520	1.456133	0.000001
956.716980	1.456129	0.000001
957.080380	1.456124	0.000001
957.443600	1.456119	0.000001
957.806760	1.456115	0.000001
958.169860	1.456110	0.000001
958.532780	1.456105	0.000001
958.895630	1.456100	0.000001
959.258420	1.456096	0.000001
959.621030	1.456091	0.000001
959.983580	1.456086	0.000001
960.346010	1.456081	0.000001
960.708310	1.456076	0.000001
961.070560	1.456071	0.000001
961.432680	1.456066	0.000001
961.794680	1.456062	0.000001
962.156620	1.456057	0.000001
962.518430	1.456052	0.000001
962.880130	1.456048	0.000001
963.241700	1.456043	0.000001
963.603210	1.456038	0.000001
963.964600	1.456033	0.000001
964.325870	1.456029	0.000001
964.687070	1.456024	0.000001
965.048160	1.456019	0.000001
965.409120	1.456015	0.000001
965.770020	1.456010	0.000001
966.130800	1.456005	0.000001
966.491460	1.456001	0.000001
966.851990	1.455996	0.000002
967.212460	1.455991	0.000002
967.572810	1.455987	0.000002
967.933040	1.455982	0.000002
968.293210	1.455977	0.000002
968.653200	1.455973	0.000002
969.013180	1.455968	0.000002
969.372990	1.455963	0.000002
969.732730	1.455958	0.000002
970.092350	1.455954	0.000002
970.451840	1.455949	0.000002
970.811280	1.455944	0.000002
971.170590	1.455940	0.000002
971.529790	1.455935	0.000002
971.888850	1.455930	0.000002
972.247860	1.455926	0.000002
972.606750	1.455921	0.000002
972.965580	1.455916	0.000002
973.324220	1.455912	0.000002
973.682800	1.455907	0.000002
974.041260	1.455902	0.000002
974.399660	1.455898	0.000002
974.757930	1.455893	0.000002
975.116090	1.455888	0.000002
975.474120	1.455884	0.000002
975.832090	1.455879	0.000002
976.189940	1.455875	0.000002
976.547730	1.455870	0.000002
976.905330	1.455865	0.000002
977.262880	1.455861	0.000002
977.620300	1.455856	0.000002
977.977660	1.455851	0.000002
978.334840	1.455847	0.000002
978.692020	1.455843	0.000002
979.049010	1.455838	0.000002
979.405940	1.455834	0.000002
979.762760	1.455829	0.000002
980.119450	1.455824	0.000002
980.476010	1.455820	0.000002
980.832520	1.455815	0.000002
981.188900	1.455811	0.000002
981.545230	1.455806	0.000002
981.901370	1.455801	0.000002
982.257510	1.455797	0.000002
982.613460	1.455792	0.000002
982.969300	1.455787	0.000002
983.325070	1.455783	0.000002
983.680790	1.455778	0.000002
984.036320	1.455774	0.000002
984.391780	1.455769	0.000002
984.747130	1.455765	0.000002
985.102360	1.455761	0.000002
985.457520	1.455756	0.000002
985.812560	1.455751	0.000002
986.167480	1.455747	0.000002
986.522340	1.455742	0.000002
986.877010	1.455738	0.000002
987.231690	1.455733	0.000002
987.586180	1.455728	0.000002
987.940610	1.455724	0.000002
988.294920	1.455719	0.000002
988.649110	1.455715	0.000002
989.003230	1.455711	0.000002
989.357180	1.455706	0.000002
989.711120	1.455702	0.000002
990.064880	1.455697	0.000002
990.418580	1.455693	0.000002
990.772160	1.455688	0.000002
991.125610	1.455683	0.000002
991.479000	1.455679	0.000002
991.832280	1.455674	0.000002
992.185420	1.455670	0.000002
992.538510	1.455666	0.000002
992.891420	1.455661	0.000002
993.244320	1.455657	0.000002
993.597050	1.455652	0.000002
993.949710	1.455648	0.000002
994.302250	1.455643	0.000002
994.654660	1.455639	0.000002
995.007020	1.455634	0.000002
995.359190	1.455629	0.000002
995.711360	1.455625	0.000002
996.063350	1.455620	0.000002
996.415280	1.455616	0.000002
996.767090	1.455612	0.000002
997.118770	1.455607	0.000002
997.470400	1.455603	0.000002
997.821900	1.455598	0.000002
998.173280	1.455594	0.000002
998.524600	1.455590	0.000002
998.875730	1.455586	0.000002
999.226810	1.455581	0.000002
999.577820	1.455577	0.000002
999.928710	1.455572	0.000002
